x	y	resid
166192.55	430579.22	-3.1582
169684.13	433118.78	-272.0089
163666.41	427657.22	22.4633
157732.70	426400.59	25.4121
159168.23	430821.97	-13.1674
162034.30	431382.69	-2.6326
172685.86	432988.53	45.2897
178323.69	427923.25	-22.014
171934.36	431294.25	0.0439
181701.17	431102.75	-224.686
182788.70	425640.28	-98.9512
183580.23	425005.97	-70.8102
180396.41	427706.69	-17.4895
180179.80	427208.69	-58.6523
182427.42	423758.31	-14.5413
156726.59	429627.81	-1.1468
158544.20	428722.03	23.133
163613.27	431010.41	7.319
168446.08	430712.19	90.5096
168185.61	434266.81	-153.4222
164605.38	429039.66	0.3901
165320.55	426915.06	-3.6155
166821.95	428037.13	-65.1404
176938.83	427183.31	3.7083
179393.97	430479.19	9.0666
174008.66	430482.34	70.2249
156710.73	429412.31	-162.3109
160923.19	430315.66	-9.912
178844.81	426592.28	33.4529
177659.95	426524.13	-27.8804
174715.14	431906.69	5.0662
170554.47	431423.16	3.0632
178323.95	430897.94	-8.4656
178905.80	422868.09	-94.6628
183031.42	424029.25	5.1057
166229.97	432386.66	10.9167
165209.16	431728.72	19.8855
166599.92	430547.94	-15.2638
169185.88	433419.03	-402.643
165006.34	426476.84	2.9534
162728.80	431483.94	-7.8141
175927.50	424994.03	-378.063
175318.08	427180.66	-22.6541
175285.09	425662.31	0.8414
170506.69	426496.81	-143.587
174820.97	426399.81	2.8627
175200.27	432731.56	-39.0988
180092.50	427065.81	-1.3307
184740.09	430990.91	-48
185395.78	419607.72	4.9606
187276.11	419280.50	-35.9402
180751.47	428281.34	-3.3903
183179.50	427395.28	-72.6729
164069.95	427705.84	-2.2938
165877.59	426101.69	-32.7451
165762.06	425784.50	218.1332
174282.50	427939.34	-3.7685
170456.58	427915.06	21.9838
172620.31	433359.25	-165.265
171823.59	427414.94	21.2076
176138.06	432984.81	20.7723
174642.83	423327.72	-11.2182
175772.89	423838.13	0.6147
182897.70	423419.66	-27.2234
178944.00	423695.03	16.8575
173015.06	432306.38	-7.6832
178596.64	420418.19	-25.2008
177494.98	433272.09	-37.9926
179193.94	428143.03	-7.0204
170467.66	428353.66	4.0045
183059.61	421145.16	-13.8284
181731.13	420839.53	17.7602
184988.20	420490.53	-4.472
181271.91	420128.44	-73.5154
180050.86	422856.38	-4.3033
159710.06	431245.00	-4.9984
159312.44	427760.88	-4.5328
156217.22	427059.88	-80.1229
168801.25	432151.53	95.4246
160314.47	433068.94	-73.6902
169766.48	428379.56	17.7886
159096.58	430445.44	-30.6617
172718.14	433199.81	-15.9199
181080.48	431147.75	1.0917
179940.44	420935.09	-50.2144
184066.33	421179.03	100.823
183837.59	418755.28	-117.9444
186633.05	419591.31	-152.142
164863.28	429432.63	23.3301
174233.19	427798.00	26.7571
172444.53	433570.41	27.5359
177605.72	429972.88	-219.4724
177864.25	425433.53	-85.6776
175010.39	433944.00	-58.4852
174010.00	429591.31	40.3334
172602.55	431709.34	-15.8298
173186.27	431264.28	-20.8469
180788.95	426861.50	6.2424
180889.75	426032.16	-1.0457
181675.22	423558.56	-65.7426
181581.61	419044.97	-2.3307
181709.56	418546.97	-88.5407
166178.53	430960.38	1.7873
165328.88	428180.34	-8.8353
162946.34	431449.69	7.5454
160088.45	427906.81	22.7683
160108.23	431343.16	11.2657
179369.41	425854.53	-1.1697
171816.50	431991.00	-52.37
172797.03	425440.34	-67.957
175279.84	432835.22	-41.8209
177003.11	430806.38	-4.2564
181814.00	428018.56	-39.1425
158724.17	427240.16	0.0616
182550.72	420399.22	-1.9258
157554.91	428877.09	-0.4572
160391.72	425688.06	-14.8009
167087.59	431438.16	18.4052
174223.34	434442.06	457.4666
160668.02	428271.81	-19.9402
168941.94	427725.28	12.1749
176916.53	426111.59	11.6279
174212.63	426714.09	19.769
172704.13	430643.59	267.693
177672.58	428547.22	-28.9076
170650.42	431925.53	21.5849
171569.17	431364.88	-15.2355
174350.86	424685.03	23.7115
181980.02	431040.94	6.6077
184293.58	422320.41	11.2466
183793.36	426725.63	-118.5773
158023.33	427328.84	74.2264
169213.09	431692.03	27.4417
178347.38	426500.47	18.8995
175588.33	426473.25	15.6711
177577.28	429877.59	-411.372
180229.08	432104.69	43.8185
177527.27	429176.72	0.7143
170121.75	425996.50	-14
173320.20	429916.56	50.9561
174442.53	429638.13	-35.4528
174453.59	425618.31	4.4796
177002.44	428331.34	5.4128
174104.20	431327.31	8.9336
184986.53	420617.81	4.682
171611.88	432946.72	3.4591
176907.81	428859.56	-3.1652
176049.30	425067.50	-140.0618
176989.25	430733.44	-8.4169
181628.77	423711.59	-8.1556
182719.31	423491.84	76.2373
158549.38	430019.69	11.0275
159259.11	429784.34	1.0168
168211.27	432734.16	10.8878
163184.63	429018.72	-10.2106
169762.23	429680.13	13.8951
161832.77	427515.34	-2.3435
173423.58	427437.19	1.7428
178702.13	431550.19	-23.2999
177972.83	429636.38	3.0675
177837.73	428831.03	24.2648
170819.36	429189.66	-1.6713
174043.23	428651.50	3.9758
179986.05	430658.56	-6.8632
180937.89	428660.94	15.3051
181736.97	428612.94	-5.1433
158828.48	431441.75	-91.4913
160156.08	424923.59	12.2634
186348.78	420120.88	-5.829
186626.58	419356.09	14.3032
158158.84	431409.44	62.4484
158829.97	427620.53	2.4009
165289.06	431376.63	17.7441
168812.83	430734.97	-10.757
161719.48	432980.97	6.0568
166515.80	428744.66	-5.3147
172299.63	428074.16	-3.9725
171300.16	427396.31	25.9036
171312.39	430619.31	8.9377
175194.55	433715.31	-53.0628
180354.80	424808.16	-111.8201
181127.95	422275.25	39.1002
180155.75	428477.72	-9.0173
168714.72	429612.69	11.7136
163671.45	432411.81	-158.0059
178222.23	432068.00	34.4201
175947.63	430371.59	12.9379
175782.75	430183.59	18.7587
174251.47	423243.31	-449.007
175546.83	423449.72	2.1301
178631.84	426153.41	-123.7951
175034.63	426078.84	13.4219
178515.11	428739.06	-17.6016
172120.72	425777.94	-3.0575
170806.31	429021.56	2.6914
183334.94	420534.13	5.3397
180148.14	423480.53	2.0953
159720.38	425427.84	-185.9395
158127.33	426182.03	174.8211
154219.89	425904.34	-36.9567
164472.05	426485.13	-2.9233
154327.61	424213.47	-111.0259
178773.56	426159.19	-200.7764
175364.86	432814.19	5.0479
178241.03	431024.72	-7.0587
171899.67	428569.28	41.1227
173639.55	424244.97	-70.0497
180696.63	431168.84	-37.2112
182236.19	429684.88	17.6446
183168.95	427610.16	5.1533
167500.13	430848.81	-13.3181
165211.73	429898.25	21.8495
163300.58	432956.72	21.3278
173767.11	427525.78	46.8444
173937.36	428416.06	-14.7606
183872.08	430489.88	55.4331
182600.97	430253.00	33.0219
179343.97	420397.06	-47.5128
158650.30	431254.47	-50.8708
163712.81	426922.47	-12.5056
161901.59	433143.03	30.791
160353.47	432686.19	-60.3795
168066.13	428830.94	2.5856
171974.23	428159.22	11.1176
178778.05	426242.22	-132.362
171475.50	427210.00	9.069
170424.11	426478.97	1.8493
173384.69	429690.88	-1.3114
182231.50	418979.84	-230.503
180389.67	422808.44	-52.8738
182232.16	422693.69	-40.9645
177245.45	429638.00	5.8043
159192.25	429130.13	30.626
160640.58	427234.03	9.4607
165640.27	425574.53	14.9341
157819.86	428169.56	1.8419
158720.77	432304.16	-73.6186
163339.16	432875.28	-57.9609
170544.22	432092.31	23.6667
183865.53	431093.31	31.1856
182537.14	426387.03	-58.4543
181185.83	419751.69	34.7842
180507.28	419023.63	3.7137
181214.00	423086.16	-16.2961
183174.42	421682.25	34.806
170863.00	433075.25	0.2429
175404.44	424137.38	2.8577
176300.80	423541.91	3.641
174574.84	426022.22	47.2874
174658.69	429075.00	49.4933
181433.34	426929.22	-4.5986
173328.19	424317.94	5.9713
183041.22	425483.72	-187.5309
182187.89	420252.38	19.759
182546.88	418805.56	-210.373
158018.34	429208.38	11.9481
166490.59	427382.50	-9.3351
165786.53	432434.13	-0.6648
169557.14	431953.34	7.0223
160595.83	430168.41	0.2301
168475.69	429993.41	21.3016
165489.06	425762.00	-7.265
171117.66	432343.56	109.9511
174864.63	429940.88	-72.5184
175538.61	432595.91	20.2667
185694.69	421311.78	-140.943
181394.66	423312.50	149.7
167244.53	432972.91	-15.7806
177212.19	430618.88	-7.0563
172406.33	430632.81	-64.647
178886.14	432609.88	-36.3579
172905.97	428510.09	-3.5164
177121.73	427327.13	0.2586
180834.95	426617.38	-44.5154
184182.52	430294.50	7.386
181488.16	420583.94	-25.111
156520.67	427000.22	61.3088
169901.78	432259.34	-71.226
175501.00	431552.66	23.0256
173223.75	427212.38	-1.3528
178312.77	425427.78	-13.2921
173427.50	429333.94	-0.7297
175022.11	428101.97	3.5074
178742.72	432809.59	-93.4778
182027.58	430753.03	23.9396
181960.05	428044.31	-26.6759
185101.58	420512.41	-96.516
181674.06	423296.59	12.78
158554.53	430211.91	19.3914
169909.64	431221.81	-9.9001
169268.69	428797.72	1.4003
161612.83	431630.06	4.6953
173957.47	433612.22	-42.2632
175339.72	423929.06	25.2997
175241.63	422843.25	-41.4783
181806.03	421168.78	12.1498
157095.55	427957.53	16.926
159731.16	429894.38	32.2763
167270.08	432168.00	-10.7092
165067.44	430458.13	-5.45
160848.23	432694.41	-119.2139
177562.78	430255.41	-52.3339
175891.55	424174.47	-5.1453
176752.22	434214.78	-61.4578
182779.19	424591.81	30.3341
181807.25	425237.13	-30.5967
186504.98	420139.09	-3.2354
183289.06	427607.28	-191.988
159191.08	426460.91	2.9383
158822.27	431666.84	15.8781
159131.86	433313.56	-30.3945
158346.75	432608.41	-461.35
160109.23	425864.31	23.5594
167351.06	429156.88	-107.9719
175213.84	426771.00	-14.1686
176595.22	433603.44	-18.0436
175570.17	428358.25	-12.3273
175376.97	427780.66	11.2765
179963.59	427638.41	-26.2051
183100.63	428150.03	-16.827
179050.95	421235.81	-40.8727
180610.77	424333.88	18.0504
164192.86	430099.72	28.486
160225.44	427365.16	7.8928
173440.09	432809.69	1.5814
171263.84	430849.38	22.2064
181768.64	426620.16	-68.546
181087.80	429711.19	-143.0612
180037.64	421151.53	18.7617
180712.67	429014.06	-5.2986
182132.03	424880.53	-60.802
184484.30	422540.81	5.2379
161012.77	428729.00	13.2379
163946.63	431367.94	12.8464
172618.81	433052.47	-103.5126
174835.14	432756.47	29.3044
174945.78	426219.72	25.7912
173302.13	425879.56	0.3052
180299.52	421094.09	-12.4202
180480.14	421051.00	28.1168
180634.20	427044.00	18.9012
183376.58	428955.66	-266.577
169455.53	432564.91	-103.8403
167625.84	433528.97	19.631
159984.55	424948.06	-4.4659
174045.67	427997.28	13.0721
178411.17	425839.59	41.869
170955.66	426724.59	19.5428
173923.75	430660.16	-93.3005
177087.81	434318.84	-23
171321.81	431625.53	66.5483
176042.44	430974.19	-88.3425
183314.06	431684.00	-151.518
181704.17	426883.97	-181.1544
182578.97	424949.81	-37.6509
181701.13	424709.78	47
177462.92	431450.00	14.7523
172109.53	427404.63	5.5562
171836.11	433008.31	-33.6533
175306.86	433539.91	-91.3293
183833.64	420135.06	-100.1035
180955.75	429705.50	-115.3625
185660.14	420905.44	4.471
180652.36	423599.97	27.229
182337.97	419297.22	-381.653
185846.41	420242.34	9.7994
182939.16	427422.13	-283.412
164313.67	426616.25	-3.2963
160082.14	430894.09	16.8687
169262.58	430583.06	-4.0915
162786.36	429401.22	11.8586
164682.84	429145.16	-0.0783
162370.16	427853.72	15.5326
166170.61	432870.25	22.4194
176352.13	429871.63	8.9825
172286.97	432753.88	19.1345
179271.06	423648.06	-47.9304
174194.14	428677.84	-27.7868
180414.47	425284.41	-614.346
181389.77	419626.16	-21.1471
182516.09	421765.38	-5.8558
158464.22	425534.94	-25.4235
169554.72	432379.19	-235.9307
164926.42	425909.75	-20.8409
165059.80	430565.38	-31.7026
164847.59	433171.84	-201.2228
164955.91	432993.88	-485.642
160890.64	429593.56	-6.6205
177288.48	430533.41	24.4429
176362.52	429429.22	1.8927
170123.27	426522.56	-8.3122
172959.34	430178.00	90.3791
176429.69	423163.28	-100.4101
173602.17	429232.47	-25.4259
171982.00	428595.28	33.8699
175543.52	430797.09	1.3195
181620.63	426714.94	-169.7994
181899.25	430862.25	11.9163
183192.36	430696.78	12.255
173060.06	434587.72	116.0927
172703.84	434124.94	55.107
163837.22	432936.63	-46.9518
169716.94	433986.28	-175.7797
169119.83	433135.38	-18.2654
175443.00	432006.94	33.2789
172064.89	427915.47	15.9613
174537.48	426610.00	12.9859
173954.64	430424.19	-37.3231
170676.61	429422.63	-10.9133
177405.25	427737.16	-19.2947
174609.58	431644.81	-1.9727
173902.00	429418.09	14.9587
183843.58	421447.63	-75.902
181174.39	424811.13	8.7234
182475.23	425056.44	80.9042
181748.72	428219.59	-2.3474
157788.41	426280.41	24.3492
165861.38	432665.06	31.6841
160166.48	426941.25	8.5004
160677.55	426940.88	18.6445
163378.08	426861.13	127.6417
165568.30	430715.50	-21.4005
169065.77	432851.00	-77.4155
165982.48	427432.19	71.9026
176740.41	430565.50	3.6711
172738.08	427161.16	11.5314
173776.97	430966.16	27.7272
176621.98	421551.78	-102.2498
171360.72	426605.06	50.8725
159255.23	432289.09	29.1465
166813.73	430217.09	-10.0719
168867.30	427084.28	19.5261
165057.44	428470.16	-1.8677
162860.75	431316.22	-1.0978
174000.95	432680.78	-20.4996
180733.83	425211.75	-257.193
184560.63	423877.25	-345.832
158782.53	431483.47	-36.3401
157010.48	426179.81	39.9566
158187.11	428360.06	-0.9136
166985.30	432262.84	-8.5737
160035.89	430014.41	19.254
167322.81	429455.47	76.8427
174340.44	432959.56	29.5835
175956.14	433256.91	19.4111
183138.47	418845.84	18.2712
167103.09	432391.72	-4.1511
168606.30	431891.63	15.9801
169196.08	429749.31	14.7285
168529.88	428348.72	-12.7479
177709.19	430224.28	-66.2341
175888.56	426381.91	-4.6432
175130.73	425574.56	23.5361
172731.41	432577.91	-31.1743
173316.25	425953.69	13.8992
172794.56	431486.75	5.0734
179175.25	419626.66	-24.5994
183598.14	420708.94	-12.8578
184731.03	420134.06	-28.6186
180839.53	422379.56	-6.3644
176517.69	424736.72	-54.1279
174899.05	432508.91	18.3647
178867.64	428756.81	-4.9791
176930.72	428160.09	-11.4845
184947.41	421330.53	-4.465
184405.66	421303.47	25.4297
185324.64	422508.91	-22.5522
182589.86	420654.28	31.9983
184345.05	421769.56	509.485
165077.30	432650.31	-124.2982
182261.95	427732.16	-100.2142
158985.72	432301.31	-109.7343
169690.77	426799.41	13.4168
177401.16	432116.56	48.1227
177514.98	426540.72	-187.2571
178634.88	426513.00	16.7816
172692.52	432917.94	13.1509
176031.92	425661.84	-34.9843
178151.44	427528.97	-11.8278
177089.81	432422.13	-14.8604
173792.81	428400.66	33.3918
183565.31	429874.56	16.3752
182040.25	422016.72	-58.5503
166356.33	427163.63	71
166656.41	432075.41	-18.989
165247.33	431158.69	4.9882
158243.59	425691.78	-9.4204
169029.28	433050.03	-140.8266
178385.95	431875.44	7.0716
174965.86	425824.59	-0.6526
185194.41	420272.75	42.078
154679.48	425443.88	83.9565
165219.25	432490.88	-37.0912
160151.00	425356.00	-132.952
160358.58	430149.91	34.2305
165273.39	430241.88	12.1555
166251.86	429658.84	-2.1518
167700.14	433557.91	17.1208
175185.52	430544.34	23.2634
177578.23	429544.53	-1.5814
172736.92	430951.63	5.2832
170616.97	429561.44	16.4295
171653.42	428733.41	-5.065
182684.38	426908.59	-128.1672
183251.47	425802.25	-49.9155
182944.52	429784.75	-1.1277
181769.23	427759.34	-180.4639
158495.63	427769.16	15.9792
184840.38	421134.00	23.6736
182934.66	420950.88	-10.6083
185290.28	421030.47	3.2704
182050.56	423065.09	-3.896
187173.94	418915.84	-18.031
158506.81	429461.31	4.7914
167853.16	433324.78	16.3164
161920.34	431628.56	-7.1923
179732.20	426808.88	-29.2889
179415.45	431973.41	16.7687
177013.42	424875.72	-259.2638
176372.98	423679.16	-42.8618
171504.14	429482.72	-25.2695
180359.67	425622.06	-142.9664
181199.13	420277.53	-11.9705
180040.42	423271.00	21.2041
183077.58	423060.31	33.717
176026.41	427323.56	-30.168
173516.95	428368.28	15.431
182666.73	431508.03	4.5417
181570.09	431380.25	-49.1881
158258.63	431755.63	-55.9797
169540.03	432077.97	-84.3306
171138.48	427927.22	41.6786
173423.03	433443.28	26.4487
177148.41	431611.59	6.1136
170587.59	429476.41	5.1228
180895.59	424046.78	-8.5513
180449.86	421775.28	-4.6503
164503.77	431974.88	22.0535
176219.89	429515.03	-2.3248
171051.64	432120.56	6.5609
176793.41	433301.88	7.46
181596.81	423513.03	104.8552
157906.44	431223.81	-77.4327
165398.28	427287.13	14.7635
158893.44	426625.84	6.5481
166344.41	430752.25	-9.9641
165759.50	429354.00	-19.6076
162423.91	428663.00	11.669
179222.41	426981.78	6.9866
176005.03	431975.78	13.4879
176170.67	426603.72	26.6776
176011.52	431825.97	26.1735
180747.95	432300.88	-14.7164
177928.80	429479.06	-0.7788
171903.44	431815.59	8.1163
178291.50	427832.91	1.7687
183401.38	429194.50	5.8694
179598.16	422893.19	-9.866
184047.19	422288.50	5.2496
181967.83	418487.69	13.8971
180725.58	419022.16	-0.268
164997.31	426636.06	2.0334
168927.80	431510.03	13.4328
169127.80	432860.66	-127.6641
177596.20	432183.75	9.8737
173373.91	432229.16	11.1445
177461.88	422877.06	-5.4644
172269.30	428868.38	4.5182
181894.13	421258.69	6.7809
180754.28	429739.06	-88.2251
180525.80	419761.13	17.5741
182342.52	427798.75	-83.0106
158709.77	426866.81	11.0826
164555.06	432346.13	-246.3286
163249.13	431377.03	6.4956
167461.84	427605.66	-54.3854
173222.67	427671.28	4.1252
171417.91	426992.50	-4.3487
177230.95	432344.50	20.9151
180654.66	429946.03	-108.2162
185271.38	421591.31	3.147
180653.83	428853.38	6.7252
186005.63	420401.16	-67.5694
159450.09	427227.63	2.3975
157161.91	426882.94	23.0528
159362.13	432171.09	-14.2814
176073.58	426570.16	1.4351
170115.50	430057.97	-22.4443
171797.08	431306.34	2.6552
175790.88	432817.75	10.8055
184264.58	421173.66	-24.034
179061.52	430907.38	26.9796
173862.23	428563.28	0.01
183662.13	419757.59	-2.8928
159870.58	427039.75	-9.0089
165313.05	432395.19	-18.7898
164907.19	425672.81	-34.6727
164076.06	430100.06	-2.2489
169806.70	433845.53	-202.6714
168265.88	426985.94	27.3726
162806.55	431806.91	6.5567
164877.25	431305.09	-6.2183
177613.67	426127.03	-33.527
179120.97	425906.53	-163.9941
178465.73	420487.31	-33.5308
159613.63	425504.25	3.695
158045.66	428161.59	5.8941
160490.98	430008.56	20.4098
164315.20	429283.53	1.8158
167175.53	432901.34	-1.3188
160360.36	427192.84	3.7582
170711.09	427330.88	-26.8566
177800.16	431406.78	7.0271
178323.13	428499.25	-16.688
178471.58	432586.44	41.4446
182687.00	424204.75	78.1382
178082.38	431630.16	16.2881
176810.83	429931.13	-5.3425
159326.42	426164.69	16.2143
162174.86	430338.78	-6.3245
165260.14	430568.41	8.5013
160564.64	428124.63	0.8991
157346.22	425744.22	179.2797
160436.34	429926.41	3.5066
164835.50	429800.69	159.1097
172151.17	431427.19	-31.3261
176484.86	427595.25	-2.4114
179964.36	421736.16	-0.6866
184621.33	421422.19	58.1553
184928.16	420441.97	25.319
180528.19	424594.91	44.1902
185230.09	419417.88	-32.2509
173717.78	423451.66	17.6762
175139.78	424346.44	-89.6096
173316.94	432930.25	-0.675
177873.59	429173.66	-8.3179
172943.55	432274.59	27.6107
173974.06	426059.16	40.6694
176812.61	432836.91	50.9978
182732.64	418246.38	-12.132
183935.03	418901.88	-125.081
157873.28	428272.72	-15.0173
166601.38	431684.59	30.7463
169369.58	430887.16	21.9083
164739.22	428321.47	-1.3817
169130.38	427469.91	0.4
179957.63	427109.56	-27.7058
176879.34	427035.38	34.5811
177087.59	430462.88	-1.1934
177095.98	426432.97	-51.4804
175105.72	425769.16	-0.8305
178111.53	429300.00	6.7981
173531.14	426049.25	3.9194
171014.50	429599.63	5.5433
177784.78	423097.00	79.8309
174040.44	429338.81	28.2663
178893.86	432543.44	-254.399
178749.83	430786.09	5.5745
173314.20	424851.72	77.9814
181509.80	424660.75	113.7116
183057.28	427939.69	-26.4468
183303.23	422524.38	-440.629
169998.22	431428.56	19.4895
161203.41	429245.59	9.483
166145.92	430656.19	-0.6419
160214.91	430290.97	25.6681
167600.34	430048.50	11.8625
169315.80	433185.97	-20.7368
165873.56	432851.34	-13.4029
165653.73	427592.81	-70.567
173132.91	433567.78	94.5631
172301.59	427316.31	20.914
174646.28	432846.25	-4.1889
177472.39	424056.69	-29.0442
180658.08	432939.34	196.4287
179577.27	428536.19	4.4527
183143.31	425296.50	-101.1096
184866.17	419447.22	13.8956
182290.36	423805.28	-55.5484
186180.69	420114.94	-4.1737
181268.98	423195.13	7.589
182830.63	422741.69	492.8458
182458.56	422702.34	-40.4131
181534.67	422114.28	-115.741
183871.47	421777.78	86.507
160164.83	426436.28	16.664
163445.41	429784.69	-2.0851
160028.41	432685.56	83.1042
166960.20	428686.38	7.7245
178655.03	427038.44	-24.238
178423.59	426149.31	-57.658
171293.88	430254.66	-34.3408
177405.94	423041.63	-5.23
171120.91	431577.66	0.2162
181396.38	426471.28	-14.8928
180255.11	425988.66	28.1892
183145.03	429377.97	16.9439
181172.11	424633.78	-24.233
181831.66	419442.09	-3.5675
183091.66	428038.63	4.0293
182858.78	427896.06	0.2783
182814.22	422665.66	-30.8243
159463.89	432460.09	-17.5056
169605.89	431473.00	2.519
168671.30	429422.75	27.8801
178903.33	432023.13	-110.4505
175575.80	429855.09	6.9196
179506.38	426198.56	49.2135
177163.48	426164.13	11.1421
177431.55	429052.50	29.7905
179386.19	423429.91	36.0409
176431.45	428163.50	73.9863
179768.50	431152.06	-9.8061
176151.33	427436.28	20.7
183256.52	419276.66	1.3097
157784.14	426500.47	18.6393
161394.06	425700.53	-36.9949
169036.92	429926.69	-4.6946
175405.64	425598.03	12.1985
177083.53	425506.22	-22.0726
171382.41	430275.31	15.9324
177609.80	433956.53	-125.6661
175280.72	432984.28	26.6063
157909.30	426549.28	21.6249
157145.00	428995.47	-29.0914
159947.11	426827.69	-13.1169
172456.42	427642.56	-2.4584
179541.34	429513.31	-59.9021
177689.44	428958.59	-2.1649
170848.59	428843.44	13.793
182424.39	431057.72	30.1158
161245.97	426688.47	-42.1246
165536.58	431447.09	2.0957
161143.31	432268.94	-2.7728
172471.41	431034.16	10.7099
178279.63	425736.59	11.0551
171430.80	432579.91	6.0501
176709.09	431187.16	11.9515
183324.20	426134.22	-550.999
158838.17	428937.41	-6.351
159453.06	428300.31	7.8141
158486.23	428532.81	-13.5143
160209.05	431110.91	17.7986
163918.63	432315.78	-113.6067
175911.55	429981.94	15.7742
178162.16	431560.78	2.8278
179811.80	431349.16	-33.6907
173566.16	432865.66	-12.4565
175377.67	429181.19	17.0587
176091.17	433757.78	-41.8068
172673.61	425584.91	-23.6499
173150.55	431764.53	22.3107
173945.11	428969.19	-24.063
173820.75	428881.09	32.3637
168629.56	433575.03	-19.9197
178488.70	431885.00	-1.0455
176223.47	424920.00	-79.5337
179426.31	429078.47	-6.9368
184023.95	430107.06	-65.812
181753.00	420047.19	17.4448
156610.33	427161.81	-98.4035
157648.56	429108.31	-95.4566
163483.94	430599.97	26.2527
169233.52	426866.25	75.7695
174187.92	427406.72	44.2952
153605.66	423200.81	239.4035
174891.69	430740.69	10.4051
179712.56	428959.75	-31.1309
176192.58	421652.66	-3.0684
173046.86	428359.19	18.0957
182992.45	421342.06	-24.5251
180238.08	430045.72	-140.9982
180317.88	420736.84	29.2938
180245.33	428539.44	-14.5129
182323.13	419701.41	33.1394
184259.69	422844.25	2.2046
185895.80	419594.13	23.921
186346.44	419526.25	40.669
183489.41	419314.34	11.8593
181727.05	423046.28	28.292
161448.50	431866.47	20.2465
177408.39	424606.78	71.5939
176515.86	424595.75	-9.8112
174957.19	431025.41	-2.0615
178527.78	429132.81	13.7139
178330.63	422221.00	31.367
182770.08	420686.16	66.9893
180290.67	424754.28	-187.35
182371.84	429321.69	-14.6214
186291.80	419957.41	7.9988
157493.67	429681.41	120.8101
166180.25	431465.44	-4.0399
170829.78	434171.00	93
164446.08	432898.31	-145.4007
163918.34	427359.75	24.5282
178518.69	427179.44	28.7954
179829.08	428441.00	5.2443
174173.36	425330.19	2.8381
174514.88	429264.19	14.3102
178756.39	421138.16	-8.4132
183821.56	420652.34	-29.4797
164936.72	427093.75	3.5182
158949.72	425013.97	1.7161
169146.45	431472.53	9.4519
164488.38	432223.91	-159.1914
179347.73	430614.13	-12.9894
172923.34	432989.94	3.2786
170692.19	432862.88	-89.6819
177765.81	428923.38	8.6378
174834.38	425099.28	35.8847
174856.39	429072.53	10.3806
181049.66	422262.00	-3.4316
183507.30	427433.53	-94.3571
172919.53	431351.50	-8.7144
186474.61	420859.34	7.1769
186397.53	420688.78	7.1107
180344.95	428833.13	-7.3256
158779.34	429024.38	0.5618
158590.03	430301.22	0.0252
170641.22	434274.00	22.0706
164311.92	433331.47	58.7859
168160.39	426857.72	-12.4013
165369.06	427926.09	-9.2932
170355.50	428155.81	8.1703
171715.56	432765.47	-8.0618
173150.50	432371.22	6.7075
175402.69	428415.00	2.8503
173652.36	425333.69	-10.3146
185629.50	420022.53	-7.9371
183573.48	421980.41	-49.709
161575.73	426138.81	-21.3881
160742.75	432869.28	73.626
172682.47	433915.16	58.3742
179539.14	425698.00	36.5924
172989.08	430701.94	8.8528
170514.84	426271.00	78.0524
174321.20	430398.88	-128.699
178910.55	428389.97	8.4739
172521.11	429062.72	-10.0018
181897.64	426192.97	-31.9308
184872.63	430157.63	13.0433
182796.73	422356.63	-53.421
175560.98	422312.63	-35.0196
185820.14	420500.38	-126.885
184627.92	422877.47	-39.0604
168070.91	433314.09	2.4709
172938.88	433767.53	15.4779
179114.80	426447.34	-131.4854
173304.27	431526.94	14.0143
173213.53	429068.31	4.5215
182768.81	424812.84	-9.1776
180496.72	429573.75	-53.6284
183855.92	428568.38	-107.2223
180037.94	422140.56	-7.2154
162960.33	431205.78	-6.0301
166739.20	430913.63	-0.5625
161417.63	427651.31	2.2631
176096.59	431726.47	12.9478
175404.41	426087.63	-15.6017
180240.66	432031.28	30.8464
170026.63	430970.47	9.3115
172899.27	425763.66	47.3357
172131.56	428829.09	19.6013
181079.47	430858.47	-67.6601
183800.92	425395.28	-141.671
180406.20	424332.47	14.275
181174.31	422909.91	388.6696
176435.48	424373.38	-65.1028
177698.41	426331.28	51.53
177359.59	429593.34	15.1215
177184.86	427884.19	5.0618
174319.81	428776.59	4.7839
170037.77	428743.72	17.9506
179706.39	427220.00	-33.6456
183086.48	426033.00	-443.966
181865.39	423526.81	5.17
185703.70	418803.22	-7.3481
183528.20	427989.25	-15.4739
183883.69	427854.34	-507.997
164362.34	430965.72	7.46
160804.66	429902.03	8.7568
176087.08	427193.38	138.9589
159523.33	428875.78	5.4443
158628.11	428543.28	27.2252
159022.98	429743.19	-1.3176
165891.25	431437.53	2.7505
161805.98	431134.09	-2.1992
165409.11	427817.13	-3.3067
169686.45	427529.59	-1.0488
176848.02	430127.19	2.1281
177023.38	428625.66	19.8549
177500.75	427263.78	6.3362
183216.14	430520.63	3.217
180650.00	429794.66	-0.1667
178732.08	421222.63	-0.5204
182430.53	419741.84	30.1682
168310.55	431772.22	11.0037
158775.58	425765.44	-11.5953
160117.56	431052.97	7.7394
167416.88	429930.16	6.9239
161711.47	429194.44	3.2303
161172.31	428894.38	10.7656
166175.13	428772.41	-13.002
168233.95	427080.94	59.2158
160494.39	431677.06	-2.974
179366.25	419355.59	-319.029
172015.86	433709.31	41.6624
178760.81	430352.34	-21.2504
177764.92	430138.41	17.085
173898.42	426441.56	7.3002
173395.63	431509.22	17.3097
180500.50	431423.75	5.0605
180715.28	423463.50	-145.8643
182156.20	421982.19	-41.0712
163594.92	433275.59	-67.2375
160647.92	428190.06	-0.9611
162622.44	427334.28	-14.7811
174557.44	426557.13	5.8458
173647.61	431742.00	9.2511
169194.34	431213.22	13.624
163562.09	429564.16	-0.818
165141.30	427959.97	1.086
177174.14	426039.41	-50.9128
171895.58	426984.81	16.9474
177306.72	429259.31	-1.2859
176122.20	424257.84	-154.5635
178344.55	421627.72	10.2172
185110.39	423023.22	27.1721
182972.52	430084.78	-6.9163
180939.45	425354.75	-253.387
159201.73	433333.31	-3.158
163856.48	430334.38	69.5045
162817.11	432617.88	-29.3803
175328.97	430589.41	9.0237
177162.67	430361.88	-2.3506
173240.20	431152.69	18.0296
174424.06	426903.59	27.4098
172821.36	430919.41	24.7201
171372.30	425994.31	-6.9165
172166.19	431929.50	11.3795
182601.77	421457.84	-19.7394
180659.31	420099.53	-10.9897
185448.42	420400.25	-66.085
181876.47	422435.53	-43.671
178040.31	424932.09	33.2623
170074.45	428074.94	-41.4899
177711.92	430173.53	3.6127
170746.63	431613.50	22.5276
179789.94	430937.13	14.7062
182224.89	428064.59	-168.0788
183216.78	418805.31	-15.1346
180245.05	421954.88	-13.0369
168594.77	427349.28	-22.5503
168893.53	431889.91	-0.3707
170265.27	434259.34	72.1586
167222.75	434180.31	12.4466
173877.16	427684.28	-4.3656
176028.02	425995.06	3.4091
175000.20	433431.03	-40.2906
175067.80	431060.47	26.4334
180222.80	429239.06	-17.0499
174887.91	424970.84	-10.3212
183681.61	420705.53	4.8973
183849.38	423131.00	63.8654
182428.69	422182.16	2.1692
162771.83	433178.22	16.0148
160499.08	427212.81	26.0072
177450.95	430607.53	2.8664
179950.55	422356.63	-11.8033
173387.13	428703.81	12.9736
180394.84	428884.97	-16.8146
182279.20	426627.50	-124.4412
181569.09	430622.44	-23.6283
181698.44	422602.28	1.2088
180062.92	428052.47	34.2814
163238.47	430446.75	24.6677
165967.30	430068.66	-1.7327
161684.28	429872.22	-23.3406
154069.19	424217.06	-63.9613
162522.72	432451.72	-73.8238
163678.64	427383.94	-42.4918
178323.23	432213.78	50.9113
171737.72	426909.22	24.8408
175647.28	425248.00	13.2673
171150.91	429134.31	56.4907
173039.31	431327.19	13.3846
183403.02	427280.31	-220.612
180148.84	420603.59	-1.9456
182995.94	419813.16	-24.2734
186996.73	419291.72	14.1189
180814.72	418506.53	30.0372
169105.48	432522.66	-73.1761
175830.25	430519.59	20.4112
176325.97	426909.16	-53.3977
179463.36	426569.63	6.6023
173502.89	427599.53	0.4359
172433.50	432876.63	36.1055
171907.34	426903.75	-0.8366
171077.53	432384.16	40.8548
173353.80	432022.69	22.1456
184942.33	430835.91	-0.868
183422.59	425095.09	-49.9342
167361.11	431597.38	12.5784
165656.97	430560.06	-6.6357
163504.38	429675.44	-13.4701
168087.70	426784.88	287.3833
166333.58	433154.03	-37.7097
157985.61	424858.16	98.4761
176161.36	429936.97	5.086
179923.30	429270.41	-149.067
172437.70	431627.75	-27.4698
181638.73	427284.91	-37.2694
174138.97	424813.78	6.8802
158686.00	427882.13	-0.2408
178297.52	423387.97	-410.918
155045.92	425940.72	24.8809
157647.86	426742.47	36.1859
165222.75	432802.81	-58.2714
165734.09	431387.59	2.629
168068.72	430701.38	-105.8887
168070.28	430597.44	81.7733
176146.30	424963.06	-182.4548
163607.25	428404.69	-4.5672
168360.59	428023.75	-0.5904
178670.52	430371.50	-4.6013
173216.31	427298.47	-1.3113
173524.75	430560.34	-30.8561
174258.11	429677.44	-14.6469
179223.72	433348.50	-21.4124
173661.38	429313.06	-96.0779
174354.25	425220.56	19.9812
174604.08	428579.63	-4.0505
183118.36	421449.44	400.4621
183074.52	421216.41	-7.1745
181175.89	419946.75	-9.2072
168741.39	431308.22	8.286
164259.89	428093.72	4.0685
163376.56	431716.84	-9.692
157907.89	429563.19	183.2727
176025.53	427756.56	-10.3055
179679.98	420129.53	-8.9078
182424.53	420298.50	11.994
183230.39	424489.44	-213.247
179596.58	425313.63	6.9092
176575.09	427271.75	8.1797
181732.53	425186.94	-40
183107.72	424090.03	-46.3951
166091.53	432356.63	4.3683
161032.59	424871.00	-21.1586
177843.56	426639.28	3.0902
179610.66	426447.50	30.1826
171496.25	433141.44	-2.0434
170023.13	426846.09	36.6921
171242.39	432452.81	24.3029
175269.14	433723.50	-43.7825
173379.86	429596.78	2.3521
171164.70	425454.34	-399.843
172558.06	431527.75	6.0606
179654.02	433188.66	21.684
170943.31	428838.41	-3.2415
176211.84	427468.41	-13.1329
180339.23	426579.00	12.3523
180191.17	430412.50	-436.195
184200.20	418988.56	-51.3663
185909.72	419262.09	0.482
157611.58	429001.78	8.7792
159967.88	430837.59	27.5804
169742.92	431695.28	-1.534
169864.64	430199.94	-2.6222
167683.53	429722.44	-2.2936
160046.61	427763.31	4.8314
172989.00	426686.69	33.5778
175336.70	425038.44	-64.0524
177642.44	423123.00	18.0102
177530.52	422062.53	31.6923
178358.38	427991.50	-11.0984
171614.16	428301.25	18.0283
182868.03	429493.31	-1204.579
185088.27	419193.59	-31.4182
158585.88	426595.06	-40.1469
164842.95	427017.34	20.8268
164187.83	427755.34	8.6265
177555.33	426404.25	78.969
173686.13	432354.28	27.2001
173800.97	430153.81	39.3693
176897.48	433527.19	-11.4838
175980.41	430854.91	5.7077
181190.48	428102.75	-2.6866
184579.39	422751.09	-8.8386
166981.58	426869.56	16.4314
153786.53	423905.13	4.9121
174941.11	433944.22	-52.178
173591.81	428097.38	12.0852
175250.75	426806.22	-16.8714
175807.61	429956.41	30.7914
176536.30	429616.63	8.8784
179362.39	429542.88	-398.686
179668.84	429397.38	-30.04
172822.72	431770.19	12.5156
172319.28	429081.34	14.2585
173010.20	428684.59	7.8665
174038.03	424457.44	0.3417
180017.17	427533.59	-19.0262
185287.30	419130.00	29.5706
183065.70	421646.16	246.0671
167900.11	433960.63	67.9493
169320.58	428593.69	-9.4221
168521.00	427523.78	50.1277
177482.53	424508.84	-250.7683
174695.05	432797.78	43.707
179543.80	427883.28	1.3268
180050.16	431191.53	-2.4419
183419.55	430151.44	48.9793
183577.39	425484.16	-103.4674
184037.38	421070.13	-78.344
180027.98	420849.03	8.6713
183637.13	427613.06	46.1877
176172.48	430410.50	17.6898
176221.28	427364.75	7.9193
180700.39	429346.59	-81.6668
176301.75	421656.22	-10.9373
177739.33	420993.28	26.2946
167075.72	432079.22	-2.7215
168582.28	431496.22	18.8948
179280.81	431292.28	-276.451
179232.89	423563.03	-32.9388
178719.77	423249.47	-156.7844
176183.27	421984.06	21.9029
184588.09	419445.56	-37.1551
181947.88	419112.09	-16.5243
183725.44	422967.38	-89.0898
179321.45	424176.63	159.6318
177299.59	423330.19	-11.4097
171297.14	433615.66	80.5649
175014.09	426456.53	14.3274
176409.47	426402.81	27.5754
179054.58	428110.94	-8.2817
180878.86	419960.56	-1.6436
181100.45	419488.78	-88.8817
180530.31	425674.72	-118.2086
183720.63	429598.38	27.5562
157651.03	429562.81	43.1351
157036.50	428139.94	4.1165
168576.42	433364.63	-4.4182
163495.53	428126.16	-5.1551
178862.45	431883.78	-49.6235
175626.80	426530.06	-2.5091
177892.27	426248.56	-11.8171
171941.00	432622.63	-32.0718
178272.50	428098.09	-18.8095
178273.08	432637.88	56.7327
177363.25	421247.44	-22.3879
187047.86	419560.53	11.6157
156122.17	428400.25	0
165935.42	432733.06	-40.3135
165403.88	431379.16	17.8068
160580.89	431003.44	-55.9688
160851.45	430955.03	-8.5337
169132.33	429856.06	12.7801
161657.02	429308.28	10.4108
166844.45	433996.94	-4.674
178825.39	425708.28	-115.6124
178838.00	429238.88	8.8372
177924.92	429118.97	4.0785
179518.34	428980.75	3.7498
179951.56	428505.94	1.597
176343.22	427626.81	-1.6643
183941.39	429964.94	-38.9666
180419.89	424461.09	19.6313
180960.67	422660.56	-28.658
184014.11	422042.69	124.925
158534.31	428123.13	26.5583
166186.05	431354.53	1.3042
168771.97	431186.66	-16.2
160252.98	428168.69	-0.3963
178233.55	429552.22	29.0086
179172.77	425124.41	-234.7402
175030.64	428658.66	36.8372
171341.23	430021.00	-2.1112
176321.73	427916.66	-9.597
170642.67	428733.69	36.9908
178066.42	432708.84	-23.2834
179914.00	432633.53	157.2262
183234.70	418883.41	16.584
159595.45	431179.34	-16.2097
167652.89	431218.22	24.2773
170427.06	434287.25	61.4874
174348.73	431186.78	9.5581
176434.86	422145.53	45.8304
179921.00	427877.38	-11.9952
168357.14	427444.59	2.3237
178494.97	426403.38	-1.8438
178339.17	426219.34	-81.8397
171011.91	426669.34	17.6744
178321.80	427749.78	14.3397
178603.63	432361.84	-14.4847
180700.22	426274.16	-6.4015
182221.38	422464.22	-201.8455
167293.58	432394.06	-6.9421
165815.59	431254.16	1.5491
168951.47	430232.75	5.4354
169514.44	429348.56	7.6138
161595.56	432610.88	27.5904
163180.31	428890.47	-3.6872
179502.66	430551.41	-11.4386
175759.23	426229.31	9.1419
179413.16	429864.72	43.1496
172938.94	427032.19	-0.8165
178930.06	425824.13	-398.962
170293.89	432803.72	-467.12
174601.59	430577.31	17.602
180048.77	429211.28	-102.1392
181258.89	427737.41	-3.8196
157669.03	426532.34	14.5505
156942.38	430135.34	14.4921
164798.38	429508.53	-9.4338
169417.19	426551.78	-4.4308
175267.55	429053.66	6.6414
178684.66	428696.78	4.6013
179461.03	428613.97	-3.1846
178820.34	432510.09	-152.092
182108.45	425539.03	-97.4073
182235.22	421234.69	7.3888
182662.56	424855.59	13.0681
182653.02	424474.19	-13.1885
176797.59	426919.75	-34.0109
176712.13	426127.81	1.3574
178338.00	425890.50	-97.1424
178135.63	425852.59	52.9003
173716.69	426608.31	15.4994
180377.14	425779.41	-404.014
169963.16	431734.22	5.2643
167817.14	431459.03	-7.0646
168286.58	433639.06	-0.5944
162589.98	428241.75	10.917
177426.72	427077.03	11.4977
180331.36	432102.66	20.3147
178388.38	429317.00	5.0154
172373.94	428634.75	13.6505
180649.30	425218.25	-239.35
181036.56	428584.00	11.2341
180531.69	420724.41	22.4673
183634.53	423456.63	-316.544
180141.16	421608.50	11.0568
170117.03	426818.97	32.6063
174234.09	426653.63	34.0005
173888.64	428920.31	3.0388
182904.00	427093.06	6.8793
184809.72	431034.16	-110.991
158257.91	428600.94	-19.4648
158986.20	429971.31	-7.4213
165311.59	431846.03	3.435
169027.66	430235.16	15.8973
160869.28	427700.22	20.8869
166187.11	432232.69	28.517
166094.00	430572.09	0.4428
161745.17	432588.66	11.2288
172802.02	427743.38	-5.3914
178676.22	430110.44	9.7887
177663.98	425389.81	-116.4343
171998.73	432474.13	13.4972
175747.17	428471.88	-46.1186
171713.58	431609.25	19.0283
173473.25	431520.69	-6.8048
180177.20	429119.03	-64.5005
176849.81	422441.34	-5.7717
184435.00	419912.84	21.1066
160732.97	428658.22	-20.4251
178936.42	426800.06	9.3626
176403.22	426688.53	-30.5538
177069.67	426236.97	4.1188
172555.05	426347.34	25.9
174648.58	425174.41	5.4037
175063.45	430779.16	11.224
180893.66	420252.94	54.6768
182666.42	430277.16	1.15
184420.98	421589.72	104.5134
183572.50	421561.69	564.856
160242.78	433589.50	-180
167980.73	430110.09	-2.3215
161395.17	427166.16	16.0194
175019.92	426696.50	25.6823
177702.56	431857.22	-36.0787
172780.23	426555.59	-1.4131
171440.70	432007.03	0.0355
180505.95	430889.84	-34.5113
180308.55	425690.34	-95.4969
174081.78	424693.78	33.3625
181845.27	420860.69	14.0223
183288.14	424839.28	-189.091
184085.34	420422.41	-14.8
180738.11	422476.47	74.9922
168143.95	432697.31	-5.0894
163140.78	430238.41	-12.0492
154174.50	424416.25	-70.2028
175441.83	432163.38	21.8554
177960.48	430571.91	-2.9541
176509.06	430385.69	-7.9253
172810.09	431710.75	17.8201
179598.77	430849.41	-4.1891
177314.19	427426.75	12.3515
180179.31	431235.75	1.3619
184297.16	430276.50	-83.676
183184.44	429829.25	10.194
183659.64	429282.47	5.832
182983.53	419329.63	49.1911
186690.75	419162.69	9.623
183806.91	427555.28	-27.3621
172531.00	428443.91	98.8472
181580.66	431929.28	-130.36
182934.27	427192.44	-236.7031
180696.66	429500.25	-12.5125
159842.88	430117.25	33.0674
169293.23	426596.13	-29.9238
166623.50	426170.00	-24.2829
169615.95	433016.84	-261.8461
176455.03	427055.91	20.5981
175241.66	430464.06	-6.231
176432.84	426887.06	-42.175
170850.61	431925.91	16.5537
173776.91	429450.09	41.5101
175915.13	433175.63	14.0979
178039.86	432968.09	-57.3256
179623.61	424180.31	-94.441
176946.25	426484.38	56.4551
178253.69	429036.84	-8.151
173710.84	429894.28	80.8291
176993.41	428020.00	-3.2297
170548.47	428740.25	15.0676
176043.59	430899.53	15.9336
179509.16	420604.84	43.5515
180631.89	428753.94	14.5157
181197.72	428296.34	18.2053
159313.83	430855.59	6.9488
165444.30	428741.00	71.6707
162582.89	431867.16	2.1167
160084.31	427245.63	-3.558
170009.70	427839.91	-7.7324
170395.22	432706.50	2.4274
171046.66	430807.53	-30.5556
170187.25	426397.97	30.69
179687.69	427350.41	-44.7434
177641.00	421356.19	-28.1318
184495.28	421797.47	664.29
182367.38	421715.19	-21.3009
160272.27	431007.50	14.425
169961.23	433236.06	-81.1114
169159.53	427681.66	4.9452
175407.94	430214.56	58.8583
172600.59	426631.44	3.2562
177730.94	429207.38	30.5947
175181.56	429166.94	4.414
180512.45	426556.41	-28.2556
181951.33	425012.81	-37.2855
180777.75	419562.56	-1.665
181574.25	419378.81	4.6678
182164.63	430027.13	-54.0311
183040.50	422700.75	-12.512
155177.78	425871.03	-82.2897
159310.67	430052.22	15.5406
168746.05	427268.72	-7.2447
162013.69	426613.22	-31.0491
167443.50	433659.63	71.3569
176856.89	432143.94	-15.795
170750.94	428050.28	35.6447
172114.36	428010.84	23.1323
176949.23	431224.59	-9.813
177758.92	432923.84	30.3369
185432.78	420275.69	-18.4524
183331.39	422640.63	-15.841
165604.69	432325.94	30.2832
166701.05	429857.53	23.252
162515.66	432430.16	-70.5222
160496.47	427368.00	13.7719
178247.11	431587.53	-15.1774
171423.56	433000.94	-13.6113
174316.89	432621.31	-8.1863
178520.91	428478.22	11.1345
172070.31	431883.75	20.0438
177438.23	422231.53	-38.1607
179667.42	428085.88	-14.0105
174489.28	431406.03	-42.9771
178144.20	432308.13	-12.2307
181427.97	431377.59	-6.2593
175354.58	430941.25	10.1663
180092.45	431399.06	9.809
180506.28	421905.63	-19.8459
166956.53	432652.88	3.1914
163544.97	430230.25	-12.5533
163238.23	429397.88	4.0113
160366.44	428450.06	5.9489
176965.45	429760.94	14.3919
175043.34	423934.53	2.7479
174166.50	430868.13	-9.4914
174534.17	426362.63	19.7903
178309.95	422441.09	23.4276
174928.23	428384.09	14.6691
183688.28	425817.47	-158.536
179536.66	420932.38	-42.7886
175181.75	423183.06	-5.7229
169555.95	430831.31	24.8473
165219.42	429237.25	7.1136
175216.27	431610.66	47.1386
178768.16	429843.06	16.0291
172376.05	426608.59	-1.0318
173110.66	430452.38	-48.4022
172361.03	430408.63	90.0959
171273.67	431828.66	37.9102
174793.98	424663.31	6.3865
177327.28	425840.63	-48.8755
178554.83	429382.06	11.9919
173965.98	430804.97	-6.6073
179154.19	429173.53	-9.748
174236.94	429533.50	25.8958
177058.42	430743.34	3.0684
183633.94	431036.13	-50.9135
180737.06	430333.88	-196.5924
182906.48	422634.81	-54.5142
186486.02	419332.09	-1.183
154706.48	424327.19	-25.5437
180035.19	431978.69	24.1288
177598.84	428867.13	3.033
171770.39	432181.69	25.1935
179358.88	427937.50	14.5533
175612.28	430976.72	20.505
182180.00	431359.94	2.9041
182405.19	421384.97	179.98
183559.28	420447.81	-122.5003
169325.13	432243.50	-138.8667
165240.36	425979.47	-87.1531
169064.19	433002.25	-36.9716
175044.19	431952.88	14.3689
176034.30	426245.69	-33.9593
177791.83	429480.59	-4.3816
174746.88	426309.59	19.9735
179529.64	428843.00	-14.2425
170742.80	431909.84	11.7067
175260.45	427562.00	-50.9083
180452.53	426680.34	-53.4376
182253.83	420980.34	1.9642
180307.67	420396.47	142.541
182539.39	423739.63	-31.6735
157373.94	428011.28	6.1622
167527.80	432032.69	8.6611
165657.25	431822.06	12.2651
166410.95	431036.97	9.8915
160287.81	433149.25	-39.7333
166586.89	434294.22	22.772
166841.95	434264.97	19.8059
168429.81	432066.00	-0.8497
165735.16	431764.41	-3.219
166278.63	429544.91	6.4744
166934.27	428096.56	-81.8776
160709.19	431302.13	11.0529
177046.50	430607.97	-7.2509
179913.69	431728.34	20.0383
175053.30	425331.94	9.4001
174747.92	430147.31	56.9917
174179.77	431655.22	-79.8794
178871.17	427898.88	-17.2615
179842.98	420832.63	26.4841
180104.58	421296.75	9.2226
183958.17	430284.44	-2.9536
182092.13	424766.47	-27.1407
184753.83	422883.06	-33.1679
160984.89	430064.72	13.4327
165686.69	433035.81	16.6501
165163.17	432839.47	-71.9861
161449.94	427295.41	-13.3626
167574.94	427722.69	-17.3871
171041.44	427793.34	-5.6374
179650.45	426319.03	-2.4005
174026.61	427378.91	10.9657
170113.64	427262.66	23.0383
175115.16	424696.84	-142.504
172978.13	430528.72	69.886
174864.20	432327.81	6.0699
174185.97	425153.91	-9.1212
179831.22	420062.91	72.6949
182681.09	426976.97	-140.288
181339.14	426143.69	-9.7827
180886.28	421147.53	6.6324
186134.84	421021.59	-23.6105
159408.06	431660.38	2.2667
158411.50	428474.56	-7.1439
168340.70	431284.66	-14.9142
166327.30	431009.44	-2.6038
167660.00	432815.34	-26.6868
160547.83	430986.56	22.8787
164494.09	429890.63	8.3068
164668.86	428046.47	12.913
163306.98	427886.44	-24.4342
167166.67	427821.88	-63.3845
178875.48	432141.31	-847.112
172001.44	432564.28	9.9067
182904.27	429213.94	-532.398
158268.59	429262.63	5.5496
162162.55	428600.56	0.5313
164617.17	432043.50	24.5349
175744.56	432121.66	3.04
175932.05	429703.34	9.9625
175051.42	423144.09	-7.3533
175539.64	425151.47	-242.3865
172426.98	429822.19	-29.5568
158847.06	425850.06	-22.2648
164711.44	429218.59	13.9245
164100.09	429029.44	-16.567
167275.84	433262.03	1.7513
169455.97	427765.78	-1.6121
179270.48	425831.38	-30.2517
172667.70	431172.94	-0.4663
178048.20	425291.13	-11.8455
173419.59	430586.38	50.22
173613.16	429605.88	63.2672
176009.81	432840.72	-2.6843
176846.77	431027.09	10.6555
178008.92	431006.50	-21.4245
182773.59	429868.16	66.9021
186142.20	419936.59	-103.944
158040.42	431330.31	-89.7556
160300.23	425649.78	22.6403
167657.89	430756.78	15.3072
166318.95	429232.59	-34.0897
162125.88	431717.97	-22.6817
179184.84	430487.91	-4.8334
171623.41	427625.16	-46.5605
173837.97	431032.31	11.5118
172111.27	426777.06	-2.4442
172954.36	426392.91	25.3547
172315.39	425947.66	78.5593
170455.34	425775.50	-62
173658.00	431491.09	6.9534
175564.47	432897.59	22.228
178922.48	432731.22	-8.6216
175543.14	430925.16	14.3994
180337.59	431787.91	13.6895
174945.06	424040.56	-144.4617
181945.67	429244.59	-3.9709
184828.75	421714.72	-91.8109
159872.42	432979.72	-12.6076
158538.05	429659.97	-25.3405
166545.42	431623.06	9.7231
169021.88	431031.19	-21.9306
160408.20	430415.09	18.1712
160189.30	432700.38	17.4023
179302.59	425740.03	-37.8034
174856.52	430853.59	0.413
174732.84	426643.84	8.6248
171876.13	425794.78	-14.7975
177958.30	432708.59	-18.844
171082.98	428715.41	-1.5546
185986.98	420118.78	-9.4332
157792.89	427730.75	0.0997
159679.61	427271.03	26.0423
161112.78	428226.22	12.6116
167021.84	433107.09	-10.3934
172619.89	433819.13	9.1313
174511.83	427576.91	-11.8263
179970.17	425297.88	-720.326
176023.95	433463.91	-102.5515
170438.98	429822.16	27.5239
180144.13	431821.69	18.0184
181384.08	426411.41	-31.5095
182109.88	418061.31	-9
166544.69	432102.34	-10.0587
161498.95	432838.03	-191.6309
162909.61	428930.44	-0.02
164924.09	428830.38	-0.6592
173357.30	432621.22	16.2813
179357.73	425023.44	-404.642
174893.14	432028.69	6.8563
176587.88	430947.13	0.8585
184412.27	421203.34	401.302
184495.08	423241.56	-32.3961
183785.66	418810.69	12.5726
184133.64	418615.13	-1.7272
160364.81	431936.28	16.039
167871.08	433091.53	-87.9201
175729.84	429809.91	-10.9914
179732.70	429474.78	-62.974
172634.14	426404.31	-0.4552
183482.55	429227.47	-6.4521
181511.94	423076.66	45.81
159437.48	432909.03	-39
161383.67	428996.38	-0.0341
164514.56	431830.59	15.6164
163455.31	431508.91	19.5734
167982.92	432912.34	-39.9412
176539.33	430303.44	7.6561
178622.73	431529.50	6.0623
177516.73	425945.59	106.2466
171323.00	429574.03	-4.7008
174865.13	429322.47	92.6241
177504.59	432477.00	10.1971
180688.59	427197.31	-12.2358
183260.91	426633.34	-92.7092
160804.92	433738.50	-58.0165
166530.02	426136.25	-137.5631
153615.33	424075.06	234.7311
178721.72	427111.41	13.2899
177693.02	427024.88	43.3541
171867.33	433830.59	-47.8158
175539.38	430061.75	-3.7913
179288.20	426316.47	-65.1826
177467.53	426193.41	20.279
178636.16	431388.47	-44.3514
179743.23	425890.06	-20.3911
174518.08	431275.28	-9.8105
183837.55	420366.56	-98.9138
181175.08	430865.28	-38.9904
176974.61	420659.94	-33.1615
182469.31	421384.00	-0.1378
185140.83	422333.00	13.8353
183814.06	426893.41	-44.7496
185055.86	421538.66	5.3149
182455.84	423704.50	-28.4622
184819.02	429818.09	-239.308
183873.05	429661.00	-7.0229
157501.61	426081.44	244.6029
164773.55	433195.63	-48.5852
160455.44	432911.78	3.085
166340.33	428678.13	-2.5728
173115.02	428162.19	1.1448
175144.91	423938.81	-9.0722
175550.94	426082.47	7.0853
173231.23	432586.09	17.4656
175033.66	433744.44	-111.0597
172879.84	430015.97	-23.4385
161089.00	426502.91	-55.9216
160969.53	426032.34	-1.4653
164654.41	433678.03	-29.8435
161760.64	430429.03	-13.6221
162795.50	429994.91	6.3659
163153.80	432691.34	-388.8227
163685.16	431669.28	-30.7343
177759.34	426807.84	101.2695
176682.42	430111.44	11.6952
177662.28	426421.00	560.1271
171604.47	430287.53	-1.5884
181892.69	432496.38	93.918
173406.98	425727.69	2.0122
173387.17	429801.19	47.6432
178523.42	428099.56	-86.1549
177598.63	433148.72	3.9703
170981.09	429169.25	-14.2908
160563.31	424501.66	-2.2153
157785.78	429344.50	24.3914
159755.14	432669.38	50.6969
164800.84	430796.59	-6.8322
164990.63	430767.69	9.4558
164316.52	430713.16	33.3213
165578.97	433548.53	37.8206
175122.80	431447.56	4.9756
172080.09	432835.28	26.7321
177799.47	433261.59	6.9099
174585.16	424921.91	18.34
174699.05	424756.91	-48.0675
175575.98	427616.38	-5.9077
176409.36	432367.88	13.4318
165238.31	432704.28	-64.6511
166687.16	434385.31	-49.4111
165782.86	426740.19	134
169503.70	428045.00	0.5
165570.83	426099.50	-141.8623
175617.97	427047.41	-6.4564
174352.78	430851.97	4.8637
173179.20	426433.81	19.4208
177551.20	428309.53	-14.5963
174426.14	429470.16	15.6866
172315.98	429243.16	2.3141
178884.19	431177.28	-123.2449
178873.34	427478.06	-15.2199
180626.27	429651.97	-102.6961
159373.84	426405.91	-17.9739
182965.05	422333.78	-63.577
178137.02	432043.25	33.5974
179937.94	426416.19	-64.7496
176754.41	431569.44	14.3959
177572.19	425341.00	-78.4536
170653.84	428853.78	11.29
171097.00	428247.84	7.8803
184163.77	420703.81	-12.435
184618.16	420165.53	13.6172
156193.38	426667.44	109.2448
156201.14	428398.13	-42.7143
167484.14	433679.38	-9.2885
167940.81	433646.75	13.1836
158201.83	427466.38	3.5466
159543.38	432408.19	-27.6091
162360.55	430243.34	1.1107
174006.05	430351.69	11.1661
174165.02	428953.19	-1.1233
184991.97	431405.53	-37
178042.63	421626.53	-5.539
185085.97	419047.22	-3.2546
154441.11	426495.97	133.8713
165014.63	427346.41	-8.4879
167869.11	431502.78	-11.5214
161986.80	433157.03	-0.127
166441.36	434913.47	58.7184
169813.94	429771.34	-1.1258
161706.08	432774.13	-74.3209
166736.86	428354.75	9.2465
169023.92	433141.56	-23.4119
175635.19	426298.41	-7.2706
172168.39	425861.13	-23.5181
179257.97	420301.19	31.6458
172382.06	431703.88	-87.707
176623.56	431156.13	21.5798
183324.47	420443.13	16.3943
185908.28	421243.94	-4.1097
182264.83	429504.72	-20.8269
164001.34	426314.38	9.64
169430.52	432310.03	-191.2936
161144.02	426225.00	-1.2441
161975.59	432518.19	-27.6322
168262.63	433745.63	-47.731
167006.83	433688.84	-38.206
169978.64	428184.88	6.183
175417.03	433207.06	24.9084
174464.39	429139.78	-25.2156
184016.45	431023.97	7.0221
183988.95	428996.13	-238.071
153995.77	424328.88	37.1613
154379.52	423604.19	193.3457
180873.66	421898.69	-21.5617
160842.53	431330.91	4.7571
173955.13	433402.47	33.8744
178531.23	428799.22	-1.9872
174222.83	424536.97	-1.9335
183380.45	424138.38	-238.248
183278.39	428998.25	-53.5146
183161.81	428879.59	-3.5006
157824.98	427018.19	-3.23
169642.69	427229.78	-15.7084
159640.77	425077.38	11.3267
165746.13	430680.06	-4.7285
163297.09	432673.53	-68.2583
161682.75	427996.31	12.718
174904.44	427336.03	-28.4694
178536.66	431258.44	5.1644
170823.42	429918.03	12.3522
186575.13	420395.06	8.8282
182467.81	423171.47	592.075
176195.08	424259.47	-210.558
178641.39	421531.56	3.3393
166888.42	428911.25	-12.3083
178124.72	431487.91	12.4261
174342.86	430139.38	10.066
158955.52	432352.91	-30.6318
160703.09	425246.88	-2.2553
165910.14	431262.44	0.3544
164158.50	428818.13	2.6608
159965.50	426549.63	8.9226
159965.63	432468.69	-113.2186
173367.50	434529.84	323
163232.02	432691.66	-209.0798
161233.95	427439.34	10.2182
172960.81	433906.44	-7.8244
176925.89	432145.75	-21.4917
170914.20	427545.53	4.3721
174551.88	431178.56	7.7463
174758.44	425626.22	31.1979
173432.59	429024.06	-14.0948
183288.91	427687.66	-34.1152
184021.16	421862.06	-142.477
180246.78	423084.81	-24.891
159735.80	430781.25	-2.8152
166775.72	429074.19	-4.4482
165851.98	427822.84	11.4233
165537.59	426139.91	-88.114
167063.47	432920.66	-3.5441
173409.19	427600.00	-11.7169
176554.53	426424.31	-36.1807
179748.81	426329.72	-175.0038
182564.05	420924.94	-10.715
182343.42	425018.31	-77.9227
181668.03	423952.00	-30.2834
182598.88	423398.63	16.7753
182453.44	422122.03	0.5728
183493.05	427770.72	-11.498
182091.75	427534.56	-137.9621
158071.78	427700.41	13.1494
163315.27	430470.00	10.9471
164305.52	432858.41	-334.4863
161723.36	428922.91	9.2938
165350.67	433303.53	126.0951
174647.05	423244.91	4.6138
179151.66	430062.84	28.4875
177987.41	426446.19	-1.96
172224.97	433400.91	-45.5455
178230.33	428693.50	-8.059
171190.39	429307.69	-14.6404
170451.08	428440.28	-0.9771
183416.78	420056.81	-30.0721
181293.33	423953.56	135.8679
183190.36	423042.47	-169.474
185302.03	419432.47	52.1716
158691.92	429598.13	1.7201
158775.75	428299.22	-2.5507
162928.75	430346.44	7.7877
162772.58	433005.25	-0.2978
163839.17	429840.56	13.7205
168513.80	433653.41	-1.1994
179736.97	430629.03	-13.4037
171256.97	427630.84	14.1327
174745.58	427509.84	15.7959
177226.27	431363.03	-8.081
176589.23	425912.47	-10.175
171773.69	430165.63	4.5079
174291.19	425956.97	4.9721
175576.63	428525.34	6.6513
175382.39	433351.03	11.7454
178261.97	421537.66	-31.0999
182156.61	420646.09	-10.5555
182608.22	429386.00	-1481.26
183543.98	423510.66	-306.83
159079.95	431385.34	5.6527
159565.30	430183.59	14.0528
168817.11	430838.59	-95.1793
166385.64	430493.91	-3.9526
161526.19	433056.69	114.7482
167283.69	427753.53	-198.5361
173103.98	426008.53	22.3572
173528.91	425977.56	7.8742
175380.91	422820.03	152.8019
177251.02	421845.31	21.7484
165398.78	431324.53	1.3765
164711.14	433418.59	-74.2167
167116.13	429954.88	6.9835
167293.63	433787.50	29.7808
167850.95	432893.44	-1.3937
171952.59	427042.56	21.764
183954.84	419635.31	-24.4612
175177.69	430420.47	3.6985
178604.64	426628.63	-4.0432
166260.19	433279.38	-452.811
159596.30	427636.25	3.8719
163003.61	433247.91	-72.078
160937.50	433078.03	126.022
165698.86	434637.66	73
179106.98	422405.75	-15.5701
176701.92	432901.84	16.6288
177045.11	427363.38	1.5336
178445.58	421034.59	7.0999
182533.34	429690.88	-30.1453
177546.41	431706.03	18.8453
177472.52	428933.97	103.9716
170927.33	429448.22	0.3274
173025.36	429185.28	-6.0741
177446.55	421643.56	7.4579
176276.70	432598.88	-30.467
180845.25	420066.38	-48.236
182562.59	418915.41	-264.863
158833.75	427757.25	20.905
159680.22	429048.47	-10.7168
174269.45	433717.28	-0.0059
166901.88	433203.91	0.8028
166369.33	433025.22	-29.7075
177437.88	429416.94	1.8715
175829.19	423404.06	-57.9741
170671.72	430550.41	-60.5462
172728.78	425745.28	-16.3793
177337.58	428531.72	23.1774
182442.95	430738.56	8.9277
183059.06	421401.88	40.5726
181233.55	424835.00	25.2399
182735.58	418823.53	-6.592
165698.59	432215.00	4.3543
160051.78	432844.50	-47.8001
162970.20	432667.09	-108.8584
164432.00	429286.44	2.4182
169405.11	429371.47	14.5146
160872.16	427172.91	8.3298
176120.53	432181.56	-25.9096
178400.55	432104.03	43.9169
173532.42	433117.78	5.4542
175305.75	429289.91	13.2083
172803.59	426065.91	-158.2371
177178.81	431242.03	-2.9487
182188.00	426279.34	-81.6272
180335.70	428153.38	36.8305
183304.52	418662.31	-41.865
167730.98	432459.00	14.9814
168737.33	432333.44	-230.1378
173550.92	427850.59	18.4007
171611.91	426742.91	-1.0113
174186.03	430237.88	-20.6766
178530.16	422431.72	110.2589
175908.22	428130.16	-3.8687
171153.13	431296.56	29.8044
179977.73	427395.50	52.7023
181791.55	428855.03	0.4797
169082.19	429326.34	9.405
165111.06	428912.03	0.1511
154532.80	423854.38	-65.7811
163613.89	431679.84	-22.8701
179007.75	431630.31	26.8488
171141.81	427216.09	1.3663
177510.25	431304.28	9.6619
179894.58	425654.63	-16.881
183804.55	429052.31	-338.204
166501.73	433200.38	-35.4404
169430.92	427450.09	9.5616
174948.02	423431.81	-29.518
172104.31	425574.03	21.0958
171767.42	431543.78	13.2394
177994.92	432888.69	0.5211
183151.47	427066.22	-108.7883
183734.45	427589.47	26.9482
156944.77	428089.19	-3.0597
160780.91	429425.22	-11.1762
163093.19	432356.53	-371.1877
162127.03	431811.53	-5.1204
166322.64	427939.75	181.121
178586.64	428457.25	11.2963
180494.94	426944.22	-4.2552
180828.73	419146.44	22.2111
180641.83	423329.56	-534.82
164068.58	426889.59	16.557
168193.16	427196.78	9.9219
161796.55	431011.44	-26.6664
164761.17	429729.22	10.8955
161402.86	428835.91	39.634
161045.08	431929.88	4.1143
160095.36	428139.44	5.9794
177772.45	425775.84	95.5375
170551.53	431870.38	-2.222
180580.86	428479.22	5.8078
157826.39	427818.69	11.5271
157228.31	428024.00	32.0034
165054.91	432460.34	-86.6226
165463.02	430344.59	-6.1088
173068.59	427578.19	-7.2065
176354.30	431539.75	7.0663
175997.72	431362.00	7.5869
178131.78	420907.09	-28.5199
176787.50	433369.41	50.5546
173556.55	423671.94	11.3242
181866.25	419795.09	-23.8655
181343.78	429806.53	-292.751
158256.02	431639.78	-50.336
159221.72	425710.38	-1.8785
175089.27	429332.41	-25.3235
179443.78	424188.63	-179.235
175731.86	423366.25	2.1465
176555.78	432894.91	13.1964
184010.84	425505.47	-230.102
180891.94	420736.59	60.6542
180830.88	428341.81	1.9081
182886.91	422045.06	-91.131
159253.08	426091.72	20.7271
168592.27	431201.28	30.6028
165213.56	430039.69	0.4003
168307.67	434316.19	-319.711
163253.14	428790.00	-14.9947
173198.69	427735.34	5.4244
153797.53	423106.34	317.9507
172542.89	430746.59	-213.1166
171228.30	431506.88	22.2521
180020.41	422663.66	-26.5307
181011.48	429742.56	-127.8133
180272.08	427616.69	-10.2252
185459.03	418985.00	-53.2906
158089.48	429203.34	26.1962
159456.77	430851.69	70.9029
160386.75	428048.66	12.4454
168288.48	427658.44	8.3779
176147.58	426978.13	127.537
171706.00	433224.84	40.8613
173112.83	433048.22	-20.3905
176883.66	429599.34	25.3842
176527.72	428171.41	-45.153
178941.33	427563.50	19.5196
173005.64	424255.00	-34
181283.33	425377.66	12.2139
180018.50	420514.25	-12.5953
157945.20	431302.53	-18.1205
159626.92	429443.91	87.17
169037.02	431613.38	4.5055
160193.78	430021.81	14.5977
169574.56	428721.72	7.1395
178137.42	427140.44	25.8524
153479.77	423052.28	224.254
176731.92	432015.84	-9.2624
171113.17	433633.09	-140.5395
173814.42	427561.25	-36.1138
181029.59	432087.94	54.2637
177249.75	422244.88	8.3459
174532.45	424445.19	34.3808
175337.30	432434.25	-23.4899
183342.69	424930.97	-173.3237
180258.66	424510.50	29.6115
180085.14	419566.56	1.665
169658.61	430790.94	33.5591
165466.67	430254.38	-0.2773
160148.27	433056.19	-82.6205
160011.91	429696.78	280.293
167391.45	428903.16	39.5095
169449.44	428846.09	2.3636
159512.70	428437.94	9.1281
153607.98	424120.72	134.4538
153702.38	423053.34	302.5982
177015.55	427188.72	14.1453
176401.36	432244.72	2.9896
170379.52	432948.50	-66.2046
178755.64	428396.69	27.4596
174133.23	425209.91	23.5001
174758.52	425150.78	30.6795
179761.33	427791.28	17.9718
181109.80	431704.50	-6.7853
185482.94	419825.41	-35.4379
176415.56	432514.66	20.0386
181674.42	420631.38	25.7144
184947.97	430927.03	-70.822
182276.00	428475.16	7.408
159677.06	427569.53	2.7013
159285.98	427501.28	-2.6299
157501.56	427138.59	9.8691
156582.50	427007.97	188.3298
159604.14	432486.88	-35.5496
166755.14	432015.78	-1.4113
161626.39	430779.56	0.912
161228.92	428494.69	6.5649
164674.48	431479.31	28.9229
170164.52	426937.72	-0.3946
173804.69	425805.47	24.9407
166096.06	431195.56	8.2641
163451.50	429235.34	7.1679
164434.20	429060.50	-3.4759
163754.31	432128.59	-91.0116
161069.00	427553.78	9.3786
163544.05	427383.22	-3.2863
175457.47	427045.75	-150.739
179084.56	430167.81	10.563
175972.02	431450.13	30.1766
178556.30	429277.41	-4.0809
179907.47	425475.22	-286.941
179801.13	425327.63	-30.2151
173625.03	426253.47	22.0381
171774.31	432343.44	141.5914
181743.91	425923.19	-594.035
183978.70	422099.44	108.403
174031.44	422715.31	-83.4085
182547.75	421125.38	3.715
183335.94	423733.94	-34.4653
160298.27	430055.00	6.4022
177061.89	426646.66	-39.4924
177160.52	426325.41	-3.39
175240.92	423933.66	25.3196
173306.86	432851.00	-3.9512
170583.77	426684.56	1.1699
170561.09	431941.47	11.6075
182422.86	418200.69	-44.861
180386.86	426970.63	-36.0499
167949.56	429711.81	-10.9073
164992.36	428686.97	-2.3359
168316.75	428604.53	0.3322
175891.19	430198.78	6.0495
172218.48	433271.13	-289.3786
179146.97	426094.63	-28.2209
175500.72	425893.94	0.2715
170303.53	432525.91	-127.8518
170880.09	432150.91	-4.0002
175712.56	430939.69	-10.191
183338.52	431268.91	36.356
180429.92	425909.78	-44.9239
183183.63	430191.94	16.3356
184791.70	422533.34	17.2348
173503.95	433173.38	-8.8781
177360.94	429724.22	-51.8819
179223.19	429097.75	-15.5149
170421.31	426233.63	67.4772
177855.80	425016.75	-217.1339
177890.05	428221.63	9.785
178778.92	421700.63	-11.6698
176341.42	431056.41	-25.5479
184220.63	419702.19	-9.0848
181259.30	429783.50	-397.987
182737.95	423179.16	-82.4567
180314.95	428365.59	8.0681
180620.70	428280.25	-18.6249
169003.69	431947.72	6.1429
168767.75	429931.75	25.9728
167605.91	434064.13	14.7614
169900.78	433929.81	-31.804
161834.28	427314.19	36.5781
158677.86	429310.44	-17.3809
163953.20	426112.50	19.5922
166855.95	428590.22	-3.9158
165657.78	433210.25	-45.2501
178659.88	429940.41	7.1625
175627.02	429564.84	22.4821
172656.73	431107.94	25.9384
172571.55	429391.63	24.0837
178217.19	422306.31	-45.8292
173935.80	424243.13	10.6544
180964.34	421009.41	21.1026
180719.17	420485.91	-104.8611
165709.78	432773.25	-7.2923
169870.59	433838.00	-201.2072
164621.97	432385.94	-182.4363
165218.53	433565.69	93.8688
169260.61	428694.09	13.5665
169268.69	433552.28	-31.4443
164039.69	431460.13	-8.587
165472.03	427423.72	-57.5333
173828.66	427807.56	-1.4734
172566.45	431193.44	32.4912
178658.86	428864.97	13.9187
177576.86	425000.91	7.9391
178540.98	421750.28	-31.9856
172991.55	431945.25	-1.5136
171191.34	429522.28	-1.8672
177907.69	432845.97	-23.6361
175413.63	432762.91	-49.7579
180994.64	420010.19	22.6408
181423.02	422343.25	36.6028
165055.17	427245.31	2.2455
160744.88	432666.88	-90.5346
162516.16	431423.06	0.6248
179489.45	430106.69	-17.4297
177867.63	429408.56	12.5422
175207.70	425701.09	-46.0627
172072.39	425484.97	-9.9568
172264.73	429508.22	-8.9599
180257.94	431516.34	-3.8834
182810.02	428997.03	-64.1306
181724.78	419843.44	-48.2499
180301.42	422156.84	5.8582
159182.23	429044.94	23.831
159426.30	430352.31	5.3635
160265.59	427775.09	14.905
171994.16	427732.75	8.0804
175904.25	426599.00	-16.6684
174128.72	430958.88	19.0277
172795.33	430858.69	6.5284
179744.83	424562.66	-127.5068
175091.13	434430.38	54.6625
175187.83	428656.25	0.6201
173371.80	430049.91	47.6522
179824.19	432628.31	299.0787
183019.48	420575.03	-1.0126
182897.33	423150.56	28.2895
180672.31	431304.78	-3.6608
180253.38	426450.88	81.8585
158975.95	431181.06	23.4666
167576.42	428015.22	25.3325
161421.02	427525.81	-6.5835
170764.13	433820.53	-63.6797
179626.44	429678.25	-110.3652
173773.92	426169.34	19.1773
183760.81	421772.97	112.301
174739.97	423147.22	-14.5851
168340.92	428285.09	-9.1658
164414.73	427604.91	1.9835
177250.89	432172.09	-24.3766
171861.33	433456.03	118.7778
177643.45	430126.78	-26.7826
172030.16	430292.81	-18.7846
175544.66	423528.69	6.6566
178765.77	427407.19	-6.1837
181842.45	427014.78	-21.1795
173366.72	424895.25	18.1863
159363.03	430272.84	4.7216
167182.52	429148.84	50.449
174196.70	431442.69	19.4396
175684.98	432355.00	10.5483
181203.50	429140.19	-1.3223
173852.42	423861.13	-25.4216
180116.91	419832.56	47.6705
183575.47	422879.88	14.301
157529.66	430381.94	-112.1284
167517.19	431932.09	17.0625
171062.67	434284.44	-13.8562
165428.83	433610.34	121.4335
160984.63	428408.03	-6.5625
176341.03	430229.66	12.3708
175559.33	426572.09	-22.5197
175247.39	430066.03	14.1001
177807.69	426002.66	-43.4106
173783.52	429181.41	26.5902
173690.14	424362.19	-183.8403
184006.95	420848.09	-2.669
183404.77	429344.09	26.9386
185944.19	421487.34	10.7343
180089.58	424080.44	-218.881
185286.16	420242.69	1.88
157406.25	428801.31	-98.0031
162083.23	433073.09	-39.5251
176692.05	432603.47	18.5145
182212.50	430309.16	-164.618
181922.39	423582.16	25.9911
186056.91	419782.19	-360.481
179198.69	431869.06	3.8357
177327.39	431763.81	26.8831
171664.88	427294.91	6.5736
171181.41	426838.38	7.9438
179507.53	428894.94	-5.5103
170485.95	429570.88	-54.3979
177352.67	422128.50	-5.8641
177677.56	433110.44	-11.8342
178419.97	427695.22	41.8925
174133.17	428912.13	22.7846
172877.41	428568.34	-22.0427
183803.36	421150.81	-76.192
182227.09	426982.22	-269.204
182889.25	426143.94	-186.9667
184327.36	423879.38	-213.855
181638.84	423381.81	389.141
180168.95	423140.91	-8.8707
156790.56	428039.94	71.4099
155940.25	426801.59	49.2647
167453.11	426803.63	104.4621
168940.28	428370.47	-6.5031
162661.98	427259.59	14.5894
177315.59	426888.34	1.5064
170164.02	432766.28	0.4531
173804.69	430010.34	24.2741
171947.27	428986.47	45.7379
179900.84	427415.19	-25.1696
183803.86	426100.94	-525.008
180045.55	429380.72	-129.1832
159806.36	431607.09	4.4867
179208.44	422179.38	12.865
167406.89	431261.38	14.5487
169750.20	431223.66	17.8635
166955.58	431148.03	-2.5865
161737.66	431697.34	-49.646
175498.00	432060.81	16.4709
173385.34	427247.03	-4.7703
171351.19	426298.28	-0.5335
173499.81	426245.63	20.5594
174264.00	431648.66	-218.3631
171692.13	429391.63	-7.7269
176104.20	433118.59	-3.7144
178195.69	431098.09	-50.7427
177110.69	431787.53	-12.3893
173667.69	433097.06	13.0112
180918.08	421982.72	8.9103
170165.27	428150.41	5.2916
176523.50	430454.81	-7.9036
161567.38	433167.69	51.2734
169676.81	429878.75	-38.0076
164809.06	428743.72	-11.4254
180321.14	432014.72	28.7407
174538.58	431879.16	-9.8737
175006.58	427720.28	62.0776
180497.31	421225.72	1.1423
183544.11	429710.25	6.0264
179751.59	429605.25	-942.879
179706.38	425939.78	-27.4142
182516.50	425665.97	-129.4988
180278.98	425624.75	-197.322
185597.31	422331.81	-13.7212
182240.67	429024.69	1.4396
184716.80	423149.72	33.9453
183490.34	422311.06	-12.956
168715.70	429299.84	8.6177
163663.09	431434.06	-47.0014
174768.30	433426.06	2.4877
177169.47	429881.28	-102.8389
178963.88	426089.16	-25.4313
179374.09	429711.50	-291.6238
178785.05	425941.41	-196.5472
176600.88	428666.50	-8.32
171172.80	428790.91	-13.7583
180278.67	430963.72	-57.5925
183621.70	430908.06	-8.5085
180935.88	423789.28	106.8348
182812.39	421570.19	83.0975
158917.08	431330.13	12.2141
157628.88	427322.25	-46.785
157470.72	428079.78	6.0032
159635.20	433506.13	-174.3918
159883.28	432851.91	117.6302
163912.83	431054.88	-4.6863
163404.98	431662.66	0.9809
173545.58	427243.38	-5.8365
175108.19	428582.28	47.2697
175101.94	433443.28	27.1705
175764.11	431115.69	29.6547
158902.66	429902.84	-31.5122
163716.03	426802.84	-6.585
163050.13	428882.84	6.4523
175557.20	433911.09	-123.3785
170135.77	429941.72	-30.5464
173876.80	431939.69	9.7862
175943.30	433429.59	-177.179
176689.59	431090.25	4.1365
178254.06	427662.34	2.567
183495.08	425029.25	-61.8138
184126.44	422560.72	6.5154
168707.64	430662.06	1.1356
162761.58	427639.50	-47.2766
166299.66	428025.16	-36.8193
161567.59	427137.06	-7.4316
168204.39	427604.38	-6.1547
171433.00	430797.63	10.9319
176640.66	422025.84	83.7214
173380.33	431310.13	3.726
172533.16	431281.91	28.0779
176921.69	430826.47	7.165
182485.63	431166.81	23.2289
184012.80	425808.97	-489
185781.13	421180.53	-24.8095
157588.27	426192.00	-157.833
162333.02	430051.66	-2.4331
162076.31	430009.34	-10.2417
162000.08	429461.59	-4.0258
158246.88	424870.31	41.6534
166106.50	425890.31	90.675
175974.34	425704.88	-7.368
175015.50	429189.03	-6.6815
177513.25	423060.94	-29.6731
173166.63	430300.72	2.7755
170194.09	425974.72	-24.0134
176948.19	428621.00	23.7133
179886.20	428378.22	-0.3815
180458.69	430141.00	-3.6231
181014.92	420572.75	2.6204
183885.02	423992.22	-243.282
180461.53	428443.75	3.0309
185591.25	419000.13	-55.7724
160881.94	429663.03	11.0693
167844.38	429568.13	4.5284
175728.36	425655.44	-21.3362
172745.92	432517.50	32.7595
174495.42	426294.16	18.5592
174324.92	429784.88	15.3196
175875.81	428173.66	51.5001
181954.55	429675.03	-86.1215
173371.22	424531.94	12.3487
180462.28	423313.34	181.2415
184778.72	423304.19	48.4147
159575.91	425821.06	1.1738
166384.73	429761.69	8.7184
166405.73	429217.63	67.2029
162699.97	431789.31	0.1539
161826.58	431781.19	-10.5677
174925.39	433385.53	-67.7508
172711.44	433322.47	-348.077
177541.27	431232.66	18.9088
175646.66	427282.00	126.4781
182995.95	426603.88	-268.045
174944.83	423632.53	7.9688
185085.77	421562.47	-23.1378
180982.56	421722.66	12.996
167877.78	431877.47	15.5071
165010.17	431821.03	1.8393
177173.70	432236.56	-12.1014
179957.88	419600.63	-27.5035
173086.55	428272.50	10.4119
180745.17	420427.56	-58.5043
182772.59	426051.50	-688.458
167192.91	431615.19	48.6703
166966.50	434197.41	-7.5089
167882.50	429440.59	-9.9047
163712.77	427525.41	12.2617
172513.89	433203.00	8.5156
176174.22	425811.09	10.5738
175425.00	429365.50	-6.8978
178561.81	422697.56	-65.5953
182289.73	425888.88	-54.7917
181974.55	425330.47	-529.159
184035.89	423924.72	201.2381
181571.00	418719.28	-80.8602
158437.28	427361.44	12.8437
164605.84	427119.00	12.688
166533.00	430234.53	-18.5677
160317.39	429257.31	5.426
166098.28	433491.50	87
177474.13	430523.34	-7.3792
180215.47	432306.13	4.9263
177886.58	429239.72	-18.3563
171509.31	426011.97	-62.535
171416.16	431950.63	15.4446
176041.88	433562.47	68.3452
174628.23	424715.41	-44.4728
183922.72	429792.22	0.2617
182262.25	419033.34	-283.735
157294.98	427691.00	23.9328
163107.17	433164.75	-56.1114
164112.30	429980.59	-16.6649
168969.31	433892.16	-122.124
153577.70	422913.19	348.2373
176926.83	426788.66	-5.7173
170713.23	427263.06	-22.3182
177346.16	429175.41	-14.9205
174313.69	429881.97	-25.8816
171588.22	431912.91	-7.6156
171455.77	431910.53	34.602
172179.59	429603.97	6.3516
182242.30	431430.22	-66.0278
183420.92	418788.81	-137.94
166769.34	432385.84	-12.4457
161247.45	430587.38	-1.7807
168729.39	430141.91	7.8533
167527.42	428665.00	-4.1613
175207.33	424547.69	-42.1186
173270.44	426465.34	0.3616
175559.02	433586.28	-22.3687
175305.42	427322.66	-51.9536
184154.36	421081.63	323.787
182367.14	420816.72	-5.4045
160601.17	431154.03	-1.7727
162219.44	433029.53	-184.402
161247.42	431950.44	3.655
166164.52	428365.81	-17.179
157526.95	426706.06	20.8025
178074.84	429977.94	15.3759
177912.20	429873.31	-38.6767
175347.86	422726.66	47.7601
173105.61	426338.22	10.9586
172487.42	425981.03	-16.3928
178638.80	420845.03	19.904
172065.44	429097.53	-3.2553
180690.63	431089.41	-83.0555
181997.59	430684.88	2.451
182547.22	422730.72	27.6843
171943.19	428496.31	1.556
181489.28	426504.56	-29.8525
180260.52	423962.47	88.7994
186073.70	420710.91	-68.6775
184070.05	423850.41	-249.422
184064.05	423767.31	-393.766
180905.28	429996.09	-455.018
159025.42	430083.38	15.0074
164131.23	425468.88	-18.9161
167141.14	431301.91	1.7819
164351.31	429237.75	-6.3654
171712.41	428160.84	16.4783
174920.95	426607.09	18.8511
175668.36	428676.75	-79.9883
161628.77	429990.38	-14.4847
167195.36	428128.66	25.968
175850.39	425063.38	-6.4314
172078.11	428770.78	15.5188
176892.77	432306.47	98.0307
174036.61	428277.94	-2.441
182980.17	426278.44	-321.26
180985.03	425604.13	34.2964
186763.44	418946.63	-6.738
180580.36	421705.97	3.7626
185672.52	422255.19	28.991
182801.61	419377.53	8.9545
183133.92	423208.69	-13.3061
163781.08	427181.50	6.0541
177671.00	426705.69	1.9596
177020.52	429710.88	-15.3317
176366.19	425260.03	-34.0276
178680.00	428168.03	2.9008
178572.98	427760.66	-36.0587
179315.34	430752.97	76.5967
182538.13	427232.13	-154.2887
184129.84	428892.94	-186.09
165571.00	430866.16	-0.959
163050.42	429724.97	9.3095
161442.52	432036.63	-3.5152
176750.63	430037.72	-3.1281
170627.83	430802.66	11.4756
170938.84	426217.72	109.9467
177260.61	428279.19	6.5654
176217.56	433166.94	-39.7377
159826.41	432901.75	-17.2969
181805.70	421034.59	16.8275
182809.89	419497.00	1.2435
178495.56	425853.16	-34.4425
177063.42	423331.88	-63.6736
177244.05	422418.31	-12.869
174702.73	426695.22	8.6724
179752.05	429037.03	-225.3501
173859.83	431366.03	-208.0316
186684.58	420316.38	-35.415
181132.92	422775.84	294.6452
183858.06	422449.47	-3.562
167429.42	431571.59	23.3149
166041.55	430764.44	0.2489
167935.36	434540.19	-12.8807
160752.91	429282.72	23.3776
168626.75	429577.66	-3.8524
160139.56	431989.19	-0.9225
169470.94	429219.72	-1.2704
171389.05	432449.63	6.7482
183450.09	420820.47	176.7128
186698.11	419954.91	57.3809
159934.19	426192.91	8.5089
154803.98	425590.22	88.9265
161620.78	430048.16	3.9925
169382.19	427958.22	1.1699
175242.80	430605.59	28.4142
178517.73	431972.03	4.2689
174460.66	427036.59	-25.6578
178313.45	429585.47	-231.7503
177966.03	423458.03	-81.4329
179855.28	433143.72	112.2921
183603.58	427124.50	-343.02
169882.69	432696.78	-16.566
163449.42	425859.47	-57
165697.97	430084.50	6.8987
169680.17	429108.66	8.0711
165944.23	428922.53	-1.9903
177141.14	430277.63	-81.5252
174757.73	427372.94	15.4269
173632.52	431203.09	3.7788
173105.05	432680.75	64.8258
174866.97	432085.56	3.3762
177859.72	433688.78	-12
171810.20	429144.50	3.2626
177202.92	427292.16	-18.5229
159921.66	429524.13	-2.2228
157698.00	428966.47	-9.8724
158662.48	426041.50	-21.3014
159472.47	430441.72	17.4047
154594.70	424004.38	106.8181
177646.47	422429.09	46.4467
182996.19	418855.81	-149.416
183309.05	421797.28	685.699
159493.91	426878.34	2.0498
160174.75	425647.84	-23.693
168639.97	434401.19	-235.653
177600.56	431860.22	143.0754
171634.91	432448.50	-21.9744
170986.38	429750.31	4.7097
170017.75	429737.28	-31.6606
176613.08	421956.38	-14.084
177710.38	433025.13	10.3972
180997.44	421502.88	-1.5131
183338.22	429561.69	17.3871
182012.22	422107.03	-169.6884
170450.03	428545.69	0.7035
181563.11	431154.63	2.1998
181142.59	431016.69	-54.6618
182317.44	429380.75	-13.1925
184133.14	428383.88	-69.4708
183773.45	427986.94	-456.618
162418.97	430584.78	4.2946
166288.11	430487.78	-4.8367
160894.25	433043.09	-15.7335
168428.17	434269.00	-254.1953
167925.00	434224.00	-20.564
178255.22	426882.13	19.7957
172990.41	433453.69	-5.9188
174624.72	427523.06	-66.9916
173534.09	433231.56	-18.6316
174322.50	430303.13	-118.903
180544.00	432376.81	118.1909
174066.00	433684.91	-4.7819
174109.58	427589.50	25.9751
172301.14	427582.22	2.7075
176064.22	425939.09	1.2725
171506.16	432571.06	-21.5644
176997.84	431098.72	-5.5049
179804.86	430699.81	-8.9923
183646.52	427282.72	-526.542
183562.77	426622.91	3.6743
166385.55	431714.00	-0.6956
165007.77	430570.19	-15.2153
164722.83	429941.03	-3.1923
169900.08	434027.91	-42.735
161246.56	431808.06	16.5435
177786.56	426221.88	-6.3276
171377.58	432239.59	7.5057
173452.59	430265.06	-16.559
174849.36	425870.84	21.0312
179211.70	428583.94	2.4609
178602.77	428395.25	-0.8613
173616.91	428439.91	3.3915
183986.83	430168.13	2.9535
177192.56	423554.97	-190.6994
183762.36	419897.41	-147.265
184145.83	421913.97	-71.437
182856.56	421690.13	58.9276
184891.06	422755.09	17.9693
169634.95	432649.91	-219.8868
166692.23	432554.09	-14.4592
167450.36	430344.47	22.0362
162207.02	432976.28	-111.6545
164743.81	432221.34	1.8135
168496.17	428551.75	6.9616
166687.81	427922.34	-87.4652
181232.88	431965.75	-19.0975
171833.66	432925.53	11.7249
175120.98	424920.13	-33.0284
175230.42	428376.28	5.6431
178973.64	422309.34	-67.1931
178776.13	427504.19	1.2388
182629.27	427271.56	-145.3648
180836.33	427071.47	24.6956
182763.23	430778.06	2.8845
183574.38	420235.97	-18.0441
182343.48	424404.13	-27.0212
180068.02	419338.56	-0.9684
181130.52	427753.47	40.3507
168250.28	430702.25	-47.1141
160434.70	431597.00	8.1579
167108.41	433273.81	13.9081
169605.08	433169.94	-115.3263
175249.73	423346.72	-9.3613
176436.33	428310.28	40.9486
174999.22	431745.63	14.4882
175810.53	431052.00	11.6173
175224.63	431029.06	18.9645
181423.41	431748.00	1.5861
180481.05	424967.19	-156.244
183363.06	427954.38	-40.1857
181175.30	419044.72	3.4736
159222.08	433385.63	-22.1482
167775.41	431318.53	-18.8095
165413.17	431221.63	23.5139
163022.75	429914.28	4.6159
162127.58	429715.69	-3.9385
160544.14	427900.38	5.0884
172711.63	427752.19	-0.27
178148.38	431770.06	146.7637
172963.48	427229.97	0.8568
175369.55	431308.28	26.744
177708.36	425214.72	-49.593
183851.67	421357.19	-26.492
180986.88	431080.41	45.1513
184158.30	423913.53	-461.359
180397.33	423569.22	166.5048
180003.41	419191.13	-0.0677
185708.58	419784.06	-64.8107
169571.80	431668.41	9.3268
161629.23	430903.78	4.2166
161901.11	431530.59	8.6527
161268.39	427953.19	41.5849
170268.91	434046.25	31.9385
178493.47	425950.69	23.6717
173131.73	428749.34	12.6014
182153.72	429627.22	72.2754
160616.41	424450.03	28
163555.45	429841.81	-36.0369
160226.50	428259.78	11.3706
162969.22	431769.59	-1.5025
174580.58	426699.56	2.8409
177563.50	429329.81	29.0288
176182.91	433342.63	-305.903
175931.11	428024.47	-41.5969
170991.63	431440.97	-21.1285
174542.56	423943.94	23.3595
177787.41	430212.50	2.0307
171100.28	427396.53	3.6457
173972.78	431211.88	19.0802
184232.91	422491.38	-30.2275
168917.06	431705.75	21.9388
165576.48	431503.94	0.944
165048.03	431050.94	2.6234
162626.17	432170.59	-179.9527
168510.48	428461.25	-9.3494
166710.88	433283.41	14.4861
167639.97	433221.84	7.7842
159141.02	430084.50	16.8201
163453.45	430206.09	20.1597
168141.97	430390.53	-6.8372
167631.02	433986.78	9.0142
178676.59	425389.22	-35.7927
176091.98	429024.09	-67.077
178659.13	425068.22	-112.7338
173632.69	429513.00	16.8422
175929.14	427932.03	-1.6468
179405.61	430936.72	-78.4951
173399.25	428554.94	3.2245
182531.27	419600.28	-51.4425
174917.97	427489.63	-9.601
175074.14	425987.41	14.2203
171879.63	432877.31	10.27
178287.58	423194.88	-52.538
173334.73	429040.53	-14.7082
178080.83	430979.09	-84.2528
157115.91	428443.66	2.155
165311.33	433134.25	-85.2659
163842.33	427588.59	12.8467
177125.25	431959.22	-33.9672
176010.56	429151.41	-99.8643
172959.52	432012.28	7.2635
172666.47	432007.53	-29.295
175382.63	428535.94	-37.8716
171606.36	429669.91	31.4312
173251.14	425402.19	13.0201
178517.91	428259.81	-20.5861
175440.69	432305.06	29.7103
182466.14	424748.38	6.4687
180806.58	424511.13	4.9028
181543.75	423428.72	487.839
160575.36	430222.00	31.7598
168363.30	431693.31	5.1964
161125.63	429441.19	0.9031
170503.86	426721.81	20.119
177097.14	424191.56	-387.961
177688.05	423542.06	-268.574
172841.45	425682.28	22.7021
172665.34	425004.31	-21.4059
175824.00	432386.31	-10.5808
181831.97	425051.34	44.5515
170776.11	434808.03	-38.4277
170663.25	433987.31	60.1749
177609.86	424438.84	-159.0461
176360.78	434423.03	-399.703
176381.48	432885.41	-18.8253
175969.81	432750.81	3.9708
176666.69	432319.28	11.9637
181732.30	426721.38	-169.4717
182972.47	430896.16	0.0341
181220.63	430124.75	-15.1954
183230.86	427932.53	-58.061
181260.20	427480.47	-4.6985
159621.66	427342.75	8.5743
165433.86	427319.09	30.0386
162964.94	433741.50	-31.2782
167032.61	430610.06	-5.7477
165700.28	430537.00	11.4406
158220.59	430320.44	-54.2054
160035.16	425940.06	7.1768
167314.33	431198.81	9.5942
163063.05	431066.28	-0.8546
168521.55	430108.38	-8.531
164887.64	428968.81	18.9691
165578.11	433464.97	126.0774
169177.44	427544.63	0.3475
175559.50	430394.94	2.6659
173422.08	427328.22	1.6613
173332.86	427170.22	24.0518
181336.45	420394.09	3.7892
180913.47	422813.31	-66.4726
169546.42	432833.78	-51.4752
166517.75	430901.78	-9.4741
164379.77	432232.53	-201.0617
169117.78	428664.34	0.0434
174562.36	433878.72	-0.92
172586.91	433539.25	11.5073
179584.06	425966.28	-36.3439
174082.08	431644.75	-1.0834
173543.28	425020.81	-120.1264
175312.55	431027.88	7.5034
182107.92	421050.03	0.2814
181628.50	419465.97	-1.7202
182041.86	428796.50	-7.6762
182201.58	422793.31	-50.9803
157829.34	425780.34	125.7978
159118.66	431996.81	42.1877
158753.05	429675.06	41.0446
165992.08	431253.81	2.2811
164835.16	429638.19	-6.4069
168911.81	434297.22	-8.8143
160845.98	429314.78	3.8539
165467.64	426321.75	-30.0233
177612.45	427121.81	26.2845
175370.36	425740.09	-25.7426
175547.94	429098.19	-185.0894
172667.09	432151.00	9.4153
179887.38	433232.78	-42
171108.66	428604.88	-4.5963
180035.78	428218.63	2.4858
183997.69	424878.66	-426.744
181324.66	423322.38	108.325
159743.27	429240.25	-22.2487
158828.39	425933.53	-25.4493
161972.67	428698.34	-5.4957
163989.75	428467.56	3.5945
175115.19	422790.06	-38.9625
178294.30	422123.53	-7.6437
182871.14	423560.81	-14.2313
166879.20	431554.47	19.0891
161898.75	433111.03	-73.8578
154072.05	423277.66	189.6612
169579.06	428931.31	0.7572
164229.28	431899.81	8.9707
163743.20	427146.22	-24.0342
178254.36	430493.97	10.005
172358.44	432568.56	25.1224
177153.78	421442.03	9.6327
177873.38	428625.22	3.6806
171771.56	429975.06	-11.5383
184139.92	421416.53	-113.14
173446.73	428304.44	-6.3356
184817.36	420315.91	-21.025
183197.86	426587.59	-157.7474
181324.00	425818.03	-33.6472
160701.70	425959.38	-46.3006
167487.28	431038.66	-4.7797
163266.02	428267.94	-18.4437
160006.25	427186.75	-2.1279
177466.56	429969.06	-307.7234
179512.89	429624.19	-71.0864
172925.81	426703.59	8.3676
179384.73	429373.09	-51.4597
179344.84	423318.97	-47.1351
174056.83	425234.97	80.9706
173474.06	431461.78	1.7074
185414.03	421411.06	8.6852
185545.42	421392.13	18.5939
181730.59	423127.84	93.394
181333.27	427871.53	-9.1512
160237.66	431889.91	-9.1482
164335.50	431826.88	-3.5758
179376.59	425925.09	30.8215
172969.55	425072.94	10.7294
180830.72	426139.31	-56.3274
183689.31	429088.59	-18.8296
180409.95	428564.16	4.706
180323.05	421861.69	16.6113
157595.56	426348.91	-18.5775
159784.44	432828.13	-160.0664
164673.34	433187.81	-235.91
164216.47	429172.97	-6.7273
175051.00	431709.34	17.6439
177589.58	425788.47	5.7789
184113.75	419270.19	-77.2911
156955.78	427126.44	-13.2268
158412.97	429975.59	-1.0641
169296.80	432635.25	-112.4654
166102.41	429265.84	-27.4535
164234.55	431626.94	31.998
162905.36	427383.19	-61.9062
170840.95	433603.19	-34.0049
174850.13	430251.06	3.6329
182705.98	429987.56	12.997
180300.55	420545.63	28.1811
169733.03	429959.50	21.5584
167080.58	434389.66	57.7467
160490.61	429361.66	-20.1264
176192.11	422342.50	-8.6544
173870.78	427183.97	2.7859
173629.84	432855.78	28.0995
173333.34	429194.75	5.2212
176884.81	431110.59	-1.2996
178097.94	430799.78	-10.6599
183171.44	422325.59	328.103
184037.78	421735.25	152.364
183534.30	419438.31	16.456
182465.20	429298.16	-441.047
180528.02	428595.81	-13.0355
160493.92	429614.56	22.0382
175393.48	431483.78	8.3001
176776.89	429373.56	79.893
171207.31	432528.75	21.3772
176966.42	428226.53	-6.5776
157944.53	429442.22	-25.0769
159300.09	432110.19	11.6776
159878.52	429884.81	10.3195
167657.38	428545.88	4.2883
167675.27	432898.84	-17.2339
167879.58	427583.41	-78.7721
178639.80	427165.44	-24.5721
178599.34	430333.13	-2.6628
175233.95	426308.47	0.8522
178927.17	426141.31	-41.5993
170238.36	426548.72	-135.6343
177167.55	427982.28	47.8185
179226.00	422970.94	-152.5978
159482.23	433416.84	11.7985
159381.27	431898.97	98.0773
163089.47	426361.94	-97.4844
168732.06	431521.22	-10.7198
161197.33	432817.88	-121.6215
167568.05	434268.44	-47.7189
168937.89	434047.59	-133.491
179134.95	426967.47	0.0596
174670.58	426745.81	45.4327
175346.19	425462.03	35.1089
171783.14	432395.50	16.5734
179634.22	428712.44	-28.5642
178854.92	428630.34	10.5319
178525.88	422325.28	-53.7444
176115.91	427863.03	9.897
183935.94	430554.47	-116.9111
183830.36	425080.09	-133.5226
182720.25	429053.13	-84.801
160831.95	428071.38	39.321
173224.94	433908.13	116.5125
176053.78	431655.09	42.494
171406.44	431756.38	8.0604
176827.14	427936.81	-1.2062
170228.61	431512.88	-17.6878
179728.25	427277.06	-33.2263
184314.34	428990.66	-543.368
179565.84	420637.78	5.6307
186264.67	419497.72	35.1288
170738.59	426521.66	-50.6882
183679.13	427034.66	-129.2566
180566.80	427758.09	-3.3349
159976.78	430120.34	22.1868
158896.53	425127.63	26.0162
163722.03	433327.91	-18.1141
164752.17	429569.19	0.2461
161503.20	432697.66	56.4952
174938.19	431210.81	23.332
172745.80	431019.88	4.6733
174906.97	432447.22	9.1169
170969.72	426167.88	-40.0422
177848.14	432755.00	-191.5161
178251.44	430917.69	-20.1213
182027.64	426466.63	-360.44
184607.33	429783.78	-54.2294
180395.34	422439.53	69.0381
181566.14	422192.16	-46.7753
164664.36	431104.19	22.8721
161876.16	430425.91	-16.9703
167444.66	433914.72	21.5866
175164.30	426630.41	30.3206
172073.89	430841.66	-79.3404
172876.25	428626.25	-7.4828
179945.33	432405.75	3.0109
182466.52	430621.44	3.853
183689.86	423310.25	31.2899
182612.72	428753.31	1.1785
167098.72	428769.50	-59.6142
162133.08	431489.59	12.1333
178059.53	425547.13	106.4175
172574.59	430829.75	-11.1566
174890.94	426461.13	7.1241
179195.75	425318.13	-156.6525
179066.06	425177.75	-209.677
173820.22	430317.53	-18.9398
170948.56	431915.31	3.9954
158920.77	431541.50	6.8732
159898.47	427775.72	21.9159
159898.67	432685.22	-21.5201
166143.30	432166.75	25.7113
161718.95	430476.25	-99.0062
163660.77	429617.34	12.0887
164968.50	431500.81	-18.5694
162635.52	431475.91	2.0175
169549.73	427446.72	-17.6526
174918.11	427921.13	14.6974
170036.63	430347.16	6.9406
177158.77	428763.50	-0.2299
173237.98	431875.31	22.3787
178921.09	430838.00	-12.1398
178347.70	432460.41	-42.4401
157167.33	428721.25	4.1079
165027.27	434297.88	66.7015
175330.77	426333.91	-4.7044
178594.13	425350.75	-289.413
172027.88	431966.00	-0.5911
172887.84	429296.84	-20.045
179278.11	427663.31	0.7163
182963.89	424293.00	112.2551
176962.81	432282.91	21.8208
176478.08	430331.53	-4.9271
178568.70	426681.28	46.1535
179142.47	428610.44	9.3386
176336.34	427864.03	-8.7184
175101.38	432677.16	24.3301
179804.58	432674.19	288.2288
178664.78	432515.69	30.7725
183324.67	420814.00	75.4471
183594.06	420611.59	6.5746
184100.08	419353.72	-101.3906
186256.11	419302.69	4.8512
167919.38	434109.00	-23.3544
156418.00	426133.78	105.988
165143.97	431153.63	1.5734
164758.19	431601.34	1.8951
179271.20	427043.78	7.6482
170686.98	433829.88	-481.527
177178.38	426488.16	53.835
172827.80	432881.44	19.507
171504.86	426555.22	30.2183
175947.56	433490.78	-82.4482
183343.50	426720.47	-141.877
181702.02	425981.66	-534.453
181476.75	425953.25	28.4837
180331.38	430281.75	-95.5781
179724.06	423902.66	-7.572
184637.05	419181.81	20.8592
186040.11	420524.31	-160.706
181149.63	418736.13	-44.4467
156097.19	427049.88	-192.1785
158645.98	426903.69	8.423
169558.61	432662.69	-66.4528
160007.64	429142.00	-11.4618
166509.58	433882.66	-22.7462
163243.88	432234.91	33.923
160506.16	427989.56	12.5966
168782.11	427936.88	6.5385
178191.95	426499.28	-9.5076
178773.81	428094.91	-5.464
182582.45	420214.66	0.3293
180486.06	424746.41	-437.481
184674.45	422033.56	34.6468
182201.00	427563.69	-222.995
159195.36	430005.63	4.9918
160861.55	426209.97	-13.1741
167553.23	429701.91	-12.765
179728.33	430573.19	11.8268
182733.97	432272.44	-45.64
171812.77	432458.25	-7.7902
173842.56	424238.16	42.8105
181822.06	420721.81	4.03
186274.89	421276.72	18.5604
181116.09	419077.47	4.3336
181444.06	422419.31	-10.7219
155911.84	426570.28	23.7244
169199.88	431089.47	4.4805
165178.25	429069.72	7.1138
153463.27	423639.91	152.52
170916.33	426500.44	9.9854
174743.48	423432.28	6.953
177193.83	432709.66	115.336
158606.03	426119.34	-18.5157
171186.72	434326.28	26.3218
166836.36	427910.88	22.4209
178464.38	424083.69	-365.997
178001.70	425965.03	66.2364
171932.06	432690.44	2.3881
179990.02	427860.78	45.4616
180817.70	427004.69	12.4318
180443.69	429830.25	-7.8333
181991.38	428126.97	-48.7806
176531.20	421775.13	72.2505
156840.81	427960.09	-126.1615
168148.36	432812.38	-2.4379
164471.72	430839.94	19.504
168835.88	430943.44	-85.1662
161007.98	433066.97	7.0307
172706.66	427921.88	10.3762
178657.03	426056.84	-56.6841
176105.02	431403.22	48.7344
175687.31	433689.22	-32.4418
177869.70	428090.13	14.2175
177592.95	432967.66	-1.7112
182007.00	423137.34	19.943
175925.91	426871.72	168.092
176376.80	431627.34	-18.6229
183549.61	422608.88	-38.4133
182382.98	422262.72	-36.3254
161042.75	426282.97	-64.193
164739.14	426423.34	5.3371
171915.23	430808.25	-91.0764
171155.80	426616.06	9.819
177649.55	430772.25	9.8277
176483.63	432455.53	8.6188
173948.45	424129.81	6.7231
184933.80	421423.44	42.583
180190.11	425851.50	26.4291
177347.31	429920.88	-134.9698
174179.34	431285.97	8.3262
173450.16	431256.84	-14.0309
175851.09	427287.38	22.5471
183744.45	429926.25	15.767
166372.28	432344.16	7.1758
162299.11	430579.28	0.6575
165477.25	433402.06	6.231
160855.41	424757.78	-22.7795
167126.16	427977.06	-52.1027
175039.27	426839.97	12.8947
168911.27	428501.69	3.517
164656.59	431600.00	90.3297
172465.14	427555.69	5.4062
177142.34	425319.16	-13.1649
174228.30	430407.84	-59.073
170162.55	430257.75	10.1992
170286.31	431670.09	-22.2502
175678.09	432951.00	8.8064
181465.36	421259.13	16.3534
182738.44	424309.38	-15.1822
182766.77	423936.00	-21.608
180109.77	423000.94	-12.1656
182578.17	421691.81	-18.5234
167255.17	434492.91	21.2187
155194.94	424944.38	-49.9391
165355.58	431877.16	-2.6395
171675.69	428092.34	-2.181
178481.70	425598.69	-80.48
179477.31	423637.34	17.1747
177935.84	428870.94	-27.5717
172821.16	429720.41	61.2172
178453.23	422127.06	-25.3768
178826.03	433428.38	10.6958
172241.77	431408.97	36.3589
177208.27	427542.56	-1.3885
174994.59	424854.41	-48.3584
184117.34	425197.97	-409.238
184017.64	424969.94	-166.373
184163.06	423599.28	-7.6066
160336.78	429566.28	17.1312
178978.14	427076.03	8.3474
177989.64	423758.88	-138.389
176717.17	428540.00	-4.8832
176414.80	427365.84	0.1628
182006.72	430301.53	3.9275
180063.91	428478.34	-8.0325
184962.48	422378.66	2.4194
159326.63	432292.81	40.2428
165628.34	431349.66	-7.8429
164160.61	431104.97	-3.8781
167768.31	434205.13	-2.8569
162028.45	432283.03	21.8859
163557.03	431522.47	17.7245
173952.27	428016.78	9.7769
175797.06	429869.06	5.5291
177144.08	429328.97	0.6684
184036.80	421281.06	125.185
180095.59	419124.50	-17.188
166372.20	431355.38	4.563
169329.89	430084.00	45.2861
178122.64	431831.66	51.8077
176971.98	426158.97	88.8988
172834.84	431214.13	5.584
181058.06	432692.16	34.626
170459.42	429270.00	-12.2158
177958.83	420619.50	-31
178282.48	430833.91	-6.7212
177416.02	427426.53	12.1531
173049.33	428446.53	10.9539
183308.89	430664.06	-25.6386
181958.59	423939.41	35.51
159980.94	431261.41	-0.6411
159943.22	425877.44	22.02
161008.73	429488.06	30.4238
166542.56	428503.28	4.2532
171054.22	426744.69	18.8812
172221.80	425764.00	1.4461
176411.53	427505.53	13.3516
183827.48	425527.00	18.1936
181464.91	429864.91	-176.8539
153887.38	422816.72	-18.7696
179509.05	422889.22	-59.4837
174552.28	423643.13	-288.6976
181437.83	418118.94	2
183462.53	424161.06	-264.671
159758.20	426126.81	26.414
169169.56	427320.81	-7.6645
160213.27	432550.66	-136.5712
179753.44	430341.13	1.2493
174079.70	426906.41	6.8411
173849.31	432579.13	-18.0978
179873.44	425310.03	-166.1913
173453.75	423214.72	-61.0162
174376.16	429103.63	-28.9191
181099.89	424918.81	-8.2687
180144.08	419583.91	-0.4172
169765.05	430746.19	5.5974
161655.84	428749.75	-0.9077
173215.03	427782.03	-7.1437
179838.42	426652.41	-50.54
178169.41	431318.00	3.9214
171626.48	431192.94	-41.7021
176478.52	429272.81	13.8685
170720.44	425722.06	-140.4813
177934.44	427836.00	31.8512
185124.70	422497.56	-0.2049
174747.98	428297.13	19.8662
180812.66	426281.91	-9.308
181254.05	422179.22	1.1286
159188.94	425380.38	10.2112
158936.11	425929.25	-7.5819
165792.02	432264.75	-35.8672
169017.00	429461.53	14.4728
169503.02	427000.03	62.5634
163954.27	431449.72	42.1195
172935.91	433133.69	-31.0677
178591.08	425297.66	99.9686
172306.84	432386.44	1.9426
172401.36	426210.31	-40.6349
173427.47	430169.56	18.2183
177663.73	421732.19	-16.826
181985.91	430102.16	-111.5148
182028.33	420307.78	1.5068
185807.47	421796.97	-43.2875
180018.75	419708.28	-11.5207
182480.17	424031.94	26.3785
169941.23	429958.97	-118.2063
161336.14	428936.41	-5.4841
176900.33	432079.19	-46.1197
178584.44	426433.38	-34.2093
170532.06	432896.53	-3.2518
171064.34	432661.22	-12.5224
176227.56	432509.97	22.509
177951.94	427215.78	-0.0906
180010.42	424030.31	-107.552
183737.30	421941.53	119.785
182437.86	419122.38	-205.244
162865.13	426896.34	4
167800.44	431889.63	3.8391
172894.28	425419.28	13.9465
177569.09	427637.47	8.4308
172058.28	428643.09	13.7386
181079.55	431234.50	-22.3949
180700.41	420821.81	89.7267
159225.64	425993.94	5.7298
166541.28	431509.72	-2.1931
167303.28	435065.69	-17.9828
169862.73	429389.50	-7.5873
175438.64	431767.47	1.2897
176608.41	430183.50	-11.8893
173774.25	433371.88	-16.1535
174286.44	430920.88	12.0953
173852.45	430386.72	45.3676
173422.83	426110.72	22.6857
